0 0.9999873705091066 1.2629490893285408e-05 0.0 0.0 20110459649203.74 
1 0.9999928519465664 2.8592213734394458e-06 3.70258882891439e-06 5.862432312447784e-07 20110508877575.74 
2 0.9999953561944936 9.72959183587047e-07 2.9074352571653855e-06 7.63411065627117e-07 20110508877575.72 
3 0.9999967469501326 5.323879803655583e-07 2.001702733172732e-06 7.189591539976e-07 20110508877575.766 
4 0.9999976575877624 3.554614239458563e-07 1.3800783748538256e-06 6.068724388768274e-07 20110508877575.79 
5 0.999998275399168 2.5397856289641907e-07 9.768269885157052e-07 4.937952805022028e-07 20110508877575.76 
6 0.9999986963298398 1.8833661555678084e-07 7.140735606043826e-07 4.0125998401321914e-07 20110508877575.72 
7 0.9999989828544957 1.443939064048374e-07 5.403502465394993e-07 3.3240135132432464e-07 20110508877575.64 
8 0.9999991775595469 1.1456195711757124e-07 4.2375100388954765e-07 2.841274920398246e-07 20110508877575.727 
9 0.9999993094365657 9.411625237895863e-08 3.4442508962665614e-07 2.520220922662604e-07 20110508877575.75 
10 0.9999993980794423 7.999918151167833e-08 2.898460895680351e-07 2.3207528650821278e-07 20110508877575.76 
11 0.9999994566563347 7.021022981357108e-08 2.5200104514259065e-07 2.211323902622968e-07 20110508877575.74 
12 0.9999994939875111 6.343383133594271e-08 2.2570504201629502e-07 2.1687361558369164e-07 20110508877575.766 
13 0.9999995159713853 5.880126271824822e-08 2.0757070403631043e-07 2.176566480706062e-07 20110508877575.734 
14 0.9999995265493893 5.573655090017702e-08 1.953668404485005e-07 2.2234721949171644e-07 20110508877575.75 
15 0.999999528352426 5.385640694171547e-08 1.8761367959681293e-07 2.301774872726105e-07 20110508877575.742 
16 0.9999995231311474 5.290512389769462e-08 1.8332470051346656e-07 2.406390281756269e-07 20110508877575.73 
17 0.9999995120411176 5.271215433670512e-08 1.818406473820935e-07 2.534060806362916e-07 20110508877575.81 
18 0.9999994958312889 5.316442318824332e-08 1.8272215971753573e-07 2.682821282637841e-07 20110508877575.727 
19 0.9999994749683307 5.41882316063711e-08 1.8567999641724612e-07 2.8516344115232245e-07 20110508877575.77 
20 0.9999994497184999 5.573741793845204e-08 1.9052954176590797e-07 3.040145403834419e-07 20110508877575.742 
21 0.9999994202013924 5.77856138210339e-08 1.9716109652088564e-07 3.248518971577432e-07 20110508877575.707 
22 0.9999993864250332 6.032119287935235e-08 2.0552050072599283e-07 3.477332730365753e-07 20110508877575.777 
23 0.9999993483084978 6.334400227699536e-08 2.1559657614657968e-07 3.727509238993904e-07 20110508877575.723 
24 0.9999993056961182 6.686328761850299e-08 2.2741312320587114e-07 4.0002747116555116e-07 20110508877575.79 
25 0.9999992583659095 7.089643034002598e-08 2.410240132561313e-07 4.2971364681808696e-07 20110508877575.78 
26 0.9999992060339112 7.546825314945988e-08 2.565104412361655e-07 4.619873944894148e-07 20110508877575.66 
27 0.999999148355517 8.061073885328198e-08 2.7397974749959475e-07 4.970539966542001e-07 20110508877575.766 
28 0.99999908492446 8.636306763561315e-08 2.9356544573723063e-07 5.351470264636719e-07 20110508877575.746 
29 0.999999015269821 9.277191835756903e-08 3.154282483670729e-07 5.765300121150745e-07 20110508877575.707 
30 0.9999989388512374 9.989200781424165e-08 3.397579888186071e-07 6.214987658406298e-07 20110508877575.758 
31 0.999998855052339 1.077868628166519e-07 3.6677641977919e-07 6.703843782490174e-07 20110508877575.836 
32 0.9999987631723151 1.1652983661787046e-07 3.967409297769898e-07 7.235569185619969e-07 20110508877575.754 
33 0.9999986624154114 1.2620539577121004e-07 4.299492758169219e-07 7.814299170553547e-07 20110508877575.715 
34 0.9999985518780576 1.369107175970494e-07 4.667454832692195e-07 8.444657413445473e-07 20110508877575.68 
35 0.99999843053321 1.4875765330671894e-07 5.075271206415676e-07 9.131820159823909e-07 20110508877575.63 
36 0.9999982972113732 1.6187512858493507e-07 5.527542204228538e-07 9.881592777828623e-07 20110508877575.746 
37 0.9999981505776249 1.7641207312690166e-07 6.029601919033746e-07 1.0700501099495679e-06 20110508877575.727 
38 0.9999979891037842 1.9254099438554683e-07 6.587651620273434e-07 1.1595900592725993e-06 20110508877575.78 
39 0.9999978110346537 2.1046233988248218e-07 7.208922907695424e-07 1.257610715582619e-06 20110508877575.67 
40 0.9999976143470025 2.3040982838125757e-07 7.901877439968398e-07 1.3650554251548525e-06 20110508877575.695 
41 0.9999973966996244 2.526569748467768e-07 8.676451762704996e-07 1.4829982245313632e-06 20110508877575.727 
42 0.999997155372399 2.7752508967805993e-07 9.544357871899264e-07 1.6126667240791004e-06 20110508877575.8 
43 0.9999968871917706 3.053931020048862e-07 1.051945278393358e-06 1.7554698487530759e-06 20110508877575.785 
44 0.9999965884394229 3.367096433700011e-07 1.161819367584181e-06 1.9130315660247974e-06 20110508877575.73 
45 0.9999962547401271 3.720079362237458e-07 1.2860199276451655e-06 2.087232009082231e-06 20110508877575.7 
46 0.9999958809237479 4.1192416674952476e-07 1.4268943339000629e-06 2.280257751389196e-06 20110508877575.73 
47 0.9999954608551386 4.5722019034697473e-07 1.5872612469288107e-06 2.4946634242793963e-06 20110508877575.656 
48 0.9999949872240917 5.088116289709174e-07 1.7705168644977439e-06 2.733447414701881e-06 20110508877575.723 
49 0.9999944512855694 5.678026827683688e-07 1.9807666844866793e-06 3.000145063365909e-06 20110508877575.707 
50 0.9999938425379727 6.35529306743472e-07 2.222989081184369e-06 3.298943639105797e-06 20110508877575.72 
51 0.9999931483241797 7.136128119710312e-07 2.5032385716621446e-06 3.6348244366004096e-06 20110508877575.723 
52 0.9999923533362431 8.040264588545747e-07 2.8288986127268756e-06 4.013738685407509e-06 20110508877575.734 
53 0.9999914389999113 9.091782393579262e-07 3.2089962141170978e-06 4.442825635099947e-06 20110508877575.758 
54 0.9999903827092114 1.032013822085357e-06 3.6545936906086007e-06 4.930683275878117e-06 20110508877575.844 
55 0.9999891568740105 1.176144588185059e-06 4.179276635221332e-06 5.487704766135892e-06 20110508877575.695 
56 0.9999877277344329 1.3460068495915859e-06 4.799761828858524e-06 6.1264968885467744e-06 20110508877575.656 
57 0.9999860538848883 1.547059746773309e-06 5.53665447726038e-06 6.86240088770225e-06 20110508877575.7 
58 0.9999840844369157 1.7860309994029842e-06 6.415391062513798e-06 7.714141022413542e-06 20110508877575.727 
59 0.9999817567336861 2.071221646164034e-06 7.467412384041427e-06 8.704632283725794e-06 20110508877575.773 
60 0.99997899350949 2.4128831480049247e-06 8.73162117214939e-06 9.861986189780449e-06 20110508877575.734 
61 0.9999756993647324 2.8236826795227236e-06 1.0256190013990448e-05 1.1220762574106215e-05 20110508877575.69 
62 0.9999717564009916 3.319274940667491e-06 1.2100798062439702e-05 1.2823526005303081e-05 20110508877575.785 
63 0.9999670188323748 3.91900107404794e-06 1.4339388556914453e-05 1.472277799425323e-05 20110508877575.715 
64 0.9999613063605594 4.64673670354575e-06 1.7063552384024388e-05 1.6983350353149205e-05 20110508877575.715 
65 0.9999543960752535 5.531910740831866e-06 2.0386653492972617e-05 1.9685360512687166e-05 20110508877575.742 
66 0.999946012625958 6.6107128294426416e-06 2.444881599649841e-05 2.2927845215935438e-05 20110508877575.82 
67 0.9999358164160977 7.927497559837368e-06 2.942288362379224e-05 2.6833202718525406e-05 20110508877575.73 
68 0.9999233896149795 9.536373991426056e-06 3.552142926980392e-05 3.15525817593857e-05 20110508877575.793 
69 0.9999082198947299 1.1502933835951747e-05 4.30048194418495e-05 3.727235199218799e-05 20110508877575.78 
70 0.9998896820200008 1.3906012936156692e-05 5.219020150987009e-05 4.422176555319601e-05 20110508877575.754 
71 0.9998670178060316 1.6839288192513195e-05 6.346104750736902e-05 5.26818582684621e-05 20110508877575.67 
72 0.9998393155910911 2.0412374369309093e-05 7.72765139512625e-05 6.29955205884543e-05 20110508877575.688 
73 0.9998054913281905 2.4750892814746188e-05 9.417931446632689e-05 7.557846452841549e-05 20110508877575.812 
74 0.9997642747623893 2.9994737283357458e-05 0.00011480001046444897 9.093048986289044e-05 20110508877575.746 
75 0.9997142059355597 3.6293485210038644e-05 0.0001398546020808593 0.00010964597714935149 20110508877575.707 
76 0.9996536493055166 4.379766820084182e-05 0.00017013113777576062 0.0001324218885068376 20110508877575.723 
77 0.999580834635647 5.264457351954545e-05 0.00020646002671575813 0.00016006076411770925 20110508877575.836 
78 0.9994939345899594 6.293765040935972e-05 0.0002496623853890337 0.00019346537424218385 20110508877575.715 
79 0.9993911871812363 7.471977314253106e-05 0.0003004719730168399 0.0002336210726043218 20110508877575.742 
80 0.9992710650366445 8.794285226123402e-05 0.00035943019278251065 0.0002815619183116203 20110508877575.742 
81 0.9991324814933643 0.00010243953077759025 0.00042676113571745545 0.00033831784014045057 20110508877575.73 
82 0.9989750064803735 0.00011790612586136547 0.0005022443975694474 0.00040484299619563123 20110508877575.754 
83 0.9987990475271231 0.000133907690762201 0.0005851146988179485 0.00048193008329675094 20110508877575.793 
84 0.9986059419785898 0.00014991354493194397 0.0006740236302747957 0.0005701208462035548 20110508877575.75 
85 0.9983979157712544 0.0001653632763520892 0.0007670933988546716 0.0006696275535388695 20110508877575.703 
86 0.9981778962575923 0.00017975070926227785 0.0008620716879945619 0.0007802813451507569 20110508877575.723 
87 0.9979492129837204 0.0001927024412743295 0.000956565112492857 0.0009015194625125374 20110508877575.79 
88 0.997715260114368 0.00020402557941855107 0.0010482993987602617 0.0010324149074532104 20110508877575.727 
89 0.9974792057019272 0.00021370957581309737 0.001135342799394428 0.0011717419228652092 20110508877575.734 
90 0.9972438091091422 0.00022188521800687629 0.0012162428099129457 0.0013180628629377478 20110508877575.71 
91 0.9970113618054702 0.00022876006554837036 0.0012900586725456097 0.001469819456435739 20110508877575.715 
92 0.9967837226446976 0.00023455557598912286 0.00135630728438234 0.0016254144949308443 20110508877575.715 
93 0.9965623958552607 0.00023946532332997004 0.0014148623650464321 0.0017832764563627595 20110508877575.82 
94 0.9963486029981997 0.00024364118510510565 0.0014658494592769207 0.0019419063574181547 20110508877575.734 
95 0.9961433206233316 0.0002472023809962808 0.0015095662705768662 0.0020999107250951575 20110508877575.652 
96 0.9959472798169594 0.0002502556994694701 0.0015464384303271875 0.0022560260532439327 20110508877575.645 
97 0.9957609415210625 0.00025291511474174664 0.0015770043521050766 0.0024091390120904157 20110508877575.785 
98 0.9955844679739244 0.00025531323103066743 0.0016019144444660352 0.002558304350578913 20110508877575.734 
99 0.9954177073154978 0.0002576024999963879 0.0016219299647039925 0.0027027602198018814 20110508877575.75 
100 0.9952601999540398 0.00025994844744143386 0.0016379122185822257 0.002841939379936493 20110508877575.754 
101 0.9951112065686243 0.00026251909792801917 0.001650799722442706 0.002975474611004901 20110508877575.746 
102 0.994969751772492 0.00026547457916259627 0.0016615763225995338 0.003103197325745749 20110508877575.76 
103 0.9948346753970347 0.00026895942651088345 0.0016712357897034093 0.003225129386750959 20110508877575.7 
104 0.9947046843169307 0.0002730983866515005 0.0016807482709047953 0.0033414690255131846 20110508877575.715 
105 0.9945784002628142 0.00027799521322170875 0.0016910322215476746 0.003452572302416425 20110508877575.727 
106 0.9944544018004676 0.00028373330455685515 0.0017029332089495857 0.003558931686025926 20110508877575.633 
107 0.9943312607355765 0.0002903769810037786 0.0017172091278511495 0.003661153155568387 20110508877575.754 
108 0.9942075743033897 0.00029797251773125086 0.0017345202908797008 0.0037599328879994254 20110508877575.652 
109 0.9940819946685697 0.00030654851530688746 0.0017554225938220154 0.0038560342223014 20110508877575.71 
110 0.9939532567191353 0.00031611564677738366 0.0017803623307750534 0.003950265303312221 20110508877575.727 
111 0.9938202041647883 0.0003266661817752681 0.00180967199990582 0.004043457653530716 20110508877575.727 
112 0.9936818128113735 0.0003381739187149066 0.0018435673509091973 0.0041364459190025345 20110508877575.746 
113 0.9935372088361374 0.0003505952380308354 0.0018821467620005648 0.0042300491638312945 20110508877575.773 
114 0.993385679187714 0.0003638719088595596 0.0019253946060018346 0.004325054297424493 20110508877575.723 
115 0.9932266711185759 0.0003779360323444107 0.0019731904113932308 0.004422202437686552 20110508877575.81 
116 0.9930597784922162 0.000392717106601027 0.0020253252421058025 0.004522179159076889 20110508877575.695 
117 0.9928847139057854 0.0004081507161109776 0.002081525808783242 0.00462560956932043 20110508877575.75 
118 0.9927012676274705 0.0004241878943749583 0.0021414855256273358 0.004733058952527332 20110508877575.715 
119 0.9925092564505301 0.00044080391810671476 0.002204900324124669 0.0048450393072386345 20110508877575.695 
120 0.9923084672844629 0.000458005272985556 0.002271505892046865 0.004962021550504754 20110508877575.72 
121 0.9920986011709718 0.00047583381696847485 0.0023411124549631043 0.0050844525570965336 20110508877575.734 
122 0.9918792231929394 0.0004943676886175009 0.0024136334371129787 0.005212775681330083 20110508877575.684 
123 0.9916497225218894 0.0005137191161383932 0.0024891052844880526 0.0053474530774841695 20110508877575.707 
124 0.991409284983152 0.000534029807072441 0.0025676971538236477 0.005488988055952052 20110508877575.71 
125 0.9911568784989371 0.0005554649111469255 0.0026497107034494905 0.0056379458864664325 20110508877575.746 
126 0.9908912500458261 0.0005782066052365204 0.002735571517584646 0.005794971831352643 20110508877575.688 
127 0.9906109316152673 0.0006024481885224876 0.0028258145246958725 0.0059608056715143 20110508877575.766 
128 0.9903142521683268 0.0006283892878235813 0.0029210660631432063 0.006136292480706372 20110508877575.73 
129 0.9899993526368309 0.0006562324568386643 0.0030220250742093993 0.006322389832121137 20110508877575.8 
130 0.9896642014595284 0.0006861811844897152 0.003129445417811405 0.006520171938170671 20110508877575.684 
131 0.9893066087569368 0.0007184391455049589 0.0032441206834440952 0.006730831414114254 20110508877575.727 
132 0.9889242378819161 0.0007532104355606966 0.0033668722538409152 0.006955679428682471 20110508877575.742 
133 0.9885146136333065 0.0007907005160856998 0.0034985408655392987 0.007196144985068554 20110508877575.746 
134 0.9880751268430513 0.0008311176233572301 0.0036399815396670533 0.007453773993924301 20110508877575.836 
135 0.9876030353423375 0.0008746744466430013 0.00379206152648199 0.0077302286845375495 20110508877575.73 
136 0.9870954615042257 0.0009215899309865463 0.00395566079165402 0.008027287773133695 20110508877575.727 
137 0.9865493866833288 0.0009720910999225883 0.004131674534139047 0.008346847682609581 20110508877575.793 
138 0.9859616429597003 0.0010264148174134239 0.0043210172294489745 0.008690924993437358 20110508877575.83 
139 0.9853289026678114 0.0010848094175994827 0.004524627711206958 0.009061660203382135 20110508877575.78 
140 0.9846476662645969 0.0011475361298997088 0.004743474822014869 0.00946132278348856 20110508877575.727 
141 0.9839142491647737 0.0012148702212728612 0.004978563176104159 0.009892317437849345 20110508877575.695 
142 0.9831247682410157 0.001287101772456464 0.005230938582991029 0.01035719140353665 20110508877575.816 
143 0.9822751287414603 0.001364536004657381 0.005501692689671891 0.010858642564210558 20110508877575.82 
144 0.9813610124082542 0.001447493079291041 0.005791966415755542 0.011399528096699007 20110508877575.797 
145 0.9803778675829043 0.001536307305597787 0.006102951786266043 0.011982873325232101 20110508877575.75 
146 0.9793209020569633 0.0016313257072228917 0.0064358918118938785 0.012611880423919829 20110508877575.74 
147 0.9781850793754494 0.0017329059161406736 0.0067920781235711845 0.01328993658483856 20110508877575.688 
148 0.9769651192344753 0.0018414133776625265 0.007172846131757118 0.01402062125610505 20110508877575.73 
149 0.9756555025445645 0.0019572178615562905 0.0075795675438935705 0.014807712049985747 20110508877575.72 
150 0.9742504816663933 0.002080689280692882 0.008013640129888963 0.01565518892302505 20110508877575.773 
