0 0.9999768408360213 2.3159163978609963e-05 0.0 0.0 20110499644455.74 
1 0.9999866807824795 5.32768700822146e-06 6.89916303222923e-06 1.0923674801029614e-06 20110508877575.73 
2 0.999991101214843 1.8661051534476886e-06 5.5713124593992345e-06 1.461367544090311e-06 20110508877575.74 
3 0.9999935118415432 1.0637790441025944e-06 3.994855889526718e-06 1.429523523183264e-06 20110508877575.75 
4 0.9999950666143318 7.501994438995432e-07 2.9134459181898364e-06 1.2697403061324916e-06 20110508877575.727 
5 0.99999609309236 5.768279204236732e-07 2.2253327081350088e-06 1.1047470113385868e-06 20110508877575.71 
6 0.9999967491941685 4.7157339087399506e-07 1.8005125433075422e-06 9.787198973578116e-07 20110508877575.71 
7 0.9999971332566989 4.100966965599531e-07 1.553651683799981e-06 9.029949206540095e-07 20110508877575.703 
8 0.9999973095406746 3.8010848795657416e-07 1.4331963346315498e-06 8.771545027438009e-07 20110508877575.766 
9 0.9999973189981561 3.7446296422295986e-07 1.408704864053273e-06 8.978340155508207e-07 20110508877575.734 
10 0.9999971858463377 3.890510455763749e-07 1.4629621541400086e-06 9.621404624478863e-07 20110508877575.71 
11 0.9999969219276957 4.218034902296144e-07 1.5874250013101413e-06 1.0688438126699105e-06 20110508877575.67 
12 0.999996529567229 4.721186433641882e-07 1.7796052250845405e-06 1.2187089024642289e-06 20110508877575.754 
13 0.9999960033677943 5.405192791131297e-07 2.041571678758293e-06 1.4145412478204492e-06 20110508877575.746 
14 0.9999953312576079 6.284492546648941e-07 2.3791154358950114e-06 1.6611777016868512e-06 20110508877575.758 
15 0.9999944950158242 7.381574638481484e-07 2.80131875807397e-06 1.9655079537813252e-06 20110508877575.73 
16 0.999993470440947 8.726343481968042e-07 3.3203721190748093e-06 2.336552585746147e-06 20110508877575.72 
17 0.9999922272887721 1.0355754878346578e-06 3.951537293210383e-06 2.785598446988826e-06 20110508877575.723 
18 0.9999907290878708 1.2313509897400948e-06 4.71318014832567e-06 3.3263809912118326e-06 20110508877575.81 
19 0.999988932937952 1.4649602060868272e-06 5.626805372679691e-06 3.9752964691539e-06 20110508877575.695 
20 0.9999867894071045 1.7419498432890052e-06 6.717022741784826e-06 4.751620310254188e-06 20110508877575.758 
21 0.9999842426652165 2.06827073052267e-06 8.011364275784027e-06 5.677699777216701e-06 20110508877575.72 
22 0.9999812310191752 2.4500455901657824e-06 9.53985687605187e-06 6.779078358680034e-06 20110508877575.684 
23 0.999977688044869 2.893218803009506e-06 1.1334239767193325e-05 8.08449656074325e-06 20110508877575.69 
24 0.9999735445318817 3.4030618678280348e-06 1.3426706317592215e-05 9.625699932917056e-06 20110508877575.73 
25 0.9999687314544796 3.98351831595935e-06 1.584805441253822e-05 1.1436972791743423e-05 20110508877575.71 
26 0.9999631841373933 4.636392995096461e-06 1.8625160287728174e-05 1.3554309323955368e-05 20110508877575.6 
27 0.9999568476746857 5.360425938839281e-06 2.1777760894716962e-05 1.601413848075893e-05 20110508877575.742 
28 0.9999496834663645 6.1503407485846546e-06 2.5314650376491773e-05 1.8851542510285328e-05 20110508877575.67 
29 0.9999416764573492 6.996016025297523e-06 2.9229568620066628e-05 2.2097958005438666e-05 20110508877575.703 
30 0.9999328423245466 7.881981809203307e-06 3.349726702801716e-05 2.5778426616156836e-05 20110508877575.793 
31 0.9999232335306313 8.78746805051269e-06 3.8070434826436894e-05 2.990856649179888e-05 20110508877575.73 
32 0.9999129429605413 9.687201346543737e-06 4.2878287627754464e-05 3.4491550484316035e-05 20110508877575.793 
33 0.9999021039083545 1.0553039413630471e-05 4.782757577791102e-05 3.951547645389537e-05 20110508877575.76 
34 0.999890885581045 1.1356353466285271e-05 5.280650139595781e-05 4.495156409284544e-05 20110508877575.67 
35 0.9998794840229812 1.20708560199577e-05 5.769154130871982e-05 5.075357969011274e-05 20110508877575.75 
36 0.9998681092909225 1.2675396722026002e-05 6.235655176715703e-05 5.685876058843352e-05 20110508877575.71 
37 0.9998569705573227 1.3156188666038278e-05 6.668295491834624e-05 6.319029909280175e-05 20110508877575.723 
38 0.9998462613052307 1.350802562142708e-05 7.056947318925232e-05 6.966119595861531e-05 20110508877575.797 
39 0.9998361467269247 1.3734286627259626e-05 7.393991765843681e-05 7.617906878962595e-05 20110508877575.75 
40 0.9998267548730048 1.3845817603488517e-05 7.674795063189552e-05 8.265135875987751e-05 20110508877575.773 
41 0.9998181722252807 1.3859026120164266e-05 7.897839622302907e-05 8.899035237611977e-05 20110508877575.74 
42 0.9998104434739093 1.3793648367407816e-05 8.064535752187374e-05 9.511752020134462e-05 20110508877575.727 
43 0.9998035746100683 1.3670628337335148e-05 8.178792376566063e-05 0.00010096683782865206 20110508877575.74 
44 0.9997975381160471 1.3510425534140922e-05 8.246451072556796e-05 0.00010648694769330133 20110508877575.785 
45 0.9997922790267282 1.3331903298117137e-05 8.274687142183534e-05 0.00011164219855177414 20110508877575.715 
46 0.9997877208464309 1.3151803220843924e-05 8.271461742577759e-05 0.00011641273292266751 20110508877575.74 
47 0.9997837706078958 1.2984714909649613e-05 8.245080666543368e-05 0.00012079387052909222 20110508877575.73 
48 0.9997803226555377 1.2843410032546825e-05 8.203887215722219e-05 0.00012479506227244412 20110508877575.758 
49 0.9997772609654582 1.2739412721660016e-05 8.156094396135744e-05 0.00012843867785885477 20110508877575.695 
50 0.9997744599617924 1.2683706393030215e-05 8.109747503460966e-05 0.00013175885677981934 20110508877575.742 
51 0.9997717838598708 1.2687513314053346e-05 8.072801586330902e-05 0.00013480061095197312 20110508877575.71 
52 0.9997690845804258 1.276311687858009e-05 8.053297465471849e-05 0.00013761932804105166 20110508877575.68 
53 0.9997661982571323 1.2924722096628918e-05 8.059622762984433e-05 0.00014028079314123165 20110508877575.727 
54 0.9997629403216303 1.3189365529258575e-05 8.100848766568577e-05 0.00014286182517488544 20110508877575.797 
55 0.9997590991130659 1.3577891663331853e-05 8.18713828727165e-05 0.00014545161239801926 20110508877575.773 
56 0.999754427939745 1.411600829621246e-05 8.330222613203963e-05 0.00014815382582673023 20110508877575.707 
57 0.9997486355380869 1.483541740053925e-05 8.543945915722695e-05 0.00015108958535546012 20110508877575.71 
58 0.9997413749545299 1.5774986720184758e-05 8.844871504657714e-05 0.00015440134370329404 20110508877575.68 
59 0.9997322310551731 1.6981875351298586e-05 9.252934143009292e-05 0.00015825772804564005 20110508877575.77 
60 0.9997207071938148 1.8512446341178727e-05 9.792103554798146e-05 0.00016285932429619735 20110508877575.73 
61 0.9997062120999926 2.043268347263184e-05 0.0001049099307361144 0.00016844528579873562 20110508877575.727 
62 0.9996880488417015 2.2817675022089093e-05 0.0001138330097871283 0.00017530047348921258 20110508877575.758 
63 0.9996654087989162 2.5749545246828014e-05 0.00012507909210033232 0.0001837625637368428 20110508877575.66 
64 0.9996373748897706 2.9313044990954876e-05 0.00013908388981554554 0.00019422817542282 20110508877575.777 
65 0.9996029395697765 3.358794766715732e-05 0.0001563159063431927 0.00020715657621325642 20110508877575.74 
66 0.9995610438133985 3.863759853458894e-05 0.00017724959834406186 0.00022306898972294497 20110508877575.797 
67 0.9995106424265832 4.449366117094179e-05 0.00020232282088504294 0.00024254109136094315 20110508877575.8 
68 0.9994507973694449 5.1138511290647255e-05 0.00023187789781578321 0.0002661862214488885 20110508877575.766 
69 0.9993807932462817 5.8488851645772804e-05 0.0002660903713937672 0.0002946275306787011 20110508877575.773 
70 0.9993002580020476 6.638644994370682e-05 0.0003048964927201446 0.00032845905528863133 20110508877575.707 
71 0.9992092600823824 7.460315663789081e-05 0.000347938091210044 0.00036819866976966283 20110508877575.76 
72 0.9991083470146741 8.286572830426896e-05 0.0003945478026674824 0.00041423945435414193 20110508877575.707 
73 0.9989984969146138 9.090022298655007e-05 0.00044379390396649497 0.000466808958433171 20110508877575.76 
74 0.9988809772796852 9.848687698430106e-05 0.0004945894095204191 0.0005259464338102187 20110508877575.695 
75 0.9987571387192937 0.0001055085532817078 0.0005458475877471216 0.0005915051396774313 20110508877575.74 
76 0.9986281996952707 0.00011197451685621516 0.0005966451928236015 0.0006631805950494421 20110508877575.77 
77 0.9984950855449014 0.00011800911061428312 0.0006463470373061422 0.000740558307178214 20110508877575.746 
78 0.998358365225874 0.00012380879397846367 0.0006946569144795777 0.0008231690656678997 20110508877575.652 
79 0.9982182918543041 0.00012958364457040197 0.0007415858581232407 0.0009105386430020868 20110508877575.754 
80 0.9980749165258821 0.0001355043281144105 0.0007873571396529542 0.0010022220063505565 20110508877575.754 
81 0.9979282248244745 0.00014167109338933943 0.000832285811158755 0.0010978182709773395 20110508877575.688 
82 0.997778247673953 0.0001481107660749323 0.0008766725919858944 0.0011969689679863487 20110508877575.77 
83 0.9976251185253157 0.00015479626874862328 0.0009207388332980187 0.0012993463726376324 20110508877575.754 
84 0.9974690766502455 0.00016167554222612268 0.0009646083688919167 0.0014046394386363877 20110508877575.71 
85 0.9973104391766776 0.00016869547995688777 0.0010083227205126637 0.0015125426228528435 20110508877575.69 
86 0.9971495732822877 0.00017581145416655116 0.0010518661590781465 0.0016227491044674292 20110508877575.74 
87 0.996986892658464 0.00018298135770458994 0.0010951794178020197 0.0017349465660293176 20110508877575.758 
88 0.9968228846893645 0.00019015061941893185 0.001138152433188802 0.0018488122580277312 20110508877575.742 
89 0.9966581563886647 0.00019723811030836674 0.0011806006381605 0.0019640048628665023 20110508877575.71 
90 0.9964934760712808 0.00020413149087755917 0.0012222394320143388 0.0020801530058273 20110508877575.613 
91 0.9963297872248726 0.00021069591681490424 0.0012626739664455843 0.0021968428918668556 20110508877575.867 
92 0.99616817961363 0.00021679456426175716 0.0013014165095956145 0.0023136093125127287 20110508877575.734 
93 0.9960098161484441 0.0002223151930732652 0.001337934175208543 0.00242993448327399 20110508877575.754 
94 0.9958558275855831 0.0002271950855178037 0.0013717195467582556 0.0025452577821408534 20110508877575.688 
95 0.9957071963140726 0.00023143747529883943 0.0014023692414574028 0.0026589969691711243 20110508877575.785 
96 0.9955646526795737 0.00023511553024694492 0.0014296530645487898 0.0027705787256304434 20110508877575.727 
97 0.995428602379169 0.00023836389090426844 0.0014535594951736999 0.002879474234753043 20110508877575.754 
98 0.9952990939690202 0.0002413611989682491 0.0014743102134562635 0.0029852346185553205 20110508877575.79 
99 0.9951758253444517 0.00024430881130810375 0.0014923443901032373 0.0030875214541368785 20110508877575.63 
100 0.9950581805650428 0.00024741067866957577 0.001508279771794991 0.003186128984492552 20110508877575.76 
101 0.9949452851612878 0.000250857729404423 0.0015228606624456734 0.0032809964468620656 20110508877575.758 
102 0.9948360686777088 0.00025481800168560345 0.001536902698695288 0.0033722106219103423 20110508877575.742 
103 0.9947293261443563 0.00025943203971825704 0.0015512419053149518 0.0034599999106105393 20110508877575.6 
104 0.9946237737550861 0.00026481210402099804 0.0015666922776410167 0.003544721863251743 20110508877575.66 
105 0.9945180970984471 0.00027104352214447344 0.0015840131872031482 0.0036268461922053167 20110508877575.723 
106 0.9944109923118801 0.0002781867809824808 0.0016038858414417635 0.0037069350656956093 20110508877575.67 
107 0.9943012014680073 0.0002862794624141857 0.0016268969835097713 0.003785622086068704 20110508877575.793 
108 0.9941875435482257 0.0002953376534522071 0.0016535278462200722 0.0038635909521020496 20110508877575.754 
109 0.9940689417767954 0.00030535691570521273 0.0016841468171251747 0.00394155449037439 20110508877575.656 
110 0.9939444471399492 0.00031631323287298324 0.001719005060775158 0.004020234566402638 20110508877575.74 
111 0.9938132568598865 0.00032816454746149626 0.0017582352323684423 0.004100343360283515 20110508877575.8 
112 0.9936747257088654 0.0003408535280607443 0.0018018541777117098 0.004182566585362194 20110508877575.812 
113 0.9935283676156982 0.00035431205864333706 0.0018497709429848809 0.00426754938267369 20110508877575.72 
114 0.9933738452683248 0.00036846761650099656 0.0019018013569766696 0.004355885758197448 20110508877575.793 
115 0.9932109464477459 0.0003832512560933311 0.0019576898366321692 0.004448112459528691 20110508877575.754 
116 0.9930395475203565 0.0003986064460617723 0.0020171379864142086 0.004544708047167551 20110508877575.723 
117 0.9928595665133146 0.0004144976537504287 0.0020798382536711246 0.00464609757926369 20110508877575.746 
118 0.9926709099906629 0.0004309174614588311 0.0021455097175904153 0.004752662830287658 20110508877575.74 
119 0.9924734190333985 0.00044789119062073015 0.0022139323851795294 0.00486475739080135 20110508877575.746 
120 0.9922668196918702 0.00046547846356131386 0.0022849763787904914 0.004982725465778146 20110508877575.664 
121 0.992050682317988 0.0004837717163145215 0.002358623148521602 0.005106922817175797 20110508877575.727 
122 0.9918243924903829 0.0005028922196129691 0.002434977131709033 0.005237738158294998 20110508877575.793 
123 0.991587134284186 0.0005229845255917831 0.0025142677709168266 0.005375613419305437 20110508877575.746 
124 0.9913378848740162 0.0005442103685115309 0.0025968431342625583 0.005521061623209689 20110508877575.63 
125 0.9910754182165029 0.0005667429291558622 0.002683157296480801 0.0056746815578604315 20110508877575.664 
126 0.9907983149563122 0.0005907621056772331 0.002773754029414457 0.0058371689085961265 20110508877575.66 
127 0.9905049756757116 0.0006164511187820686 0.0028692492590704248 0.006009323946435969 20110508877575.727 
128 0.990193634991781 0.0006439944993419075 0.0029703143134374808 0.006192056195439602 20110508877575.695 
129 0.9898623745974305 0.0006735773092352814 0.0030776613847253776 0.006386386708608846 20110508877575.742 
130 0.9895091339712944 0.0007053853427356362 0.0031920320156709875 0.006593448670299019 20110508877575.773 
131 0.9891317180337462 0.0007396060316122135 0.0033141888972054337 0.006814487037436108 20110508877575.637 
132 0.9887278014485935 0.0007764298056177083 0.0034449108839983526 0.007050857861790695 20110508877575.746 
133 0.9882949295573153 0.000816051713414308 0.003584990899344885 0.007304027829925433 20110508877575.734 
134 0.9878305161095807 0.0008586731650840065 0.0037352362863054883 0.007575574439029775 20110508877575.75 
135 0.9873318380570842 0.0009045037022606509 0.003896471129905689 0.007867187110749239 20110508877575.77 
136 0.9867960277436598 0.0009537627296758189 0.004069540087573362 0.008180669439091083 20110508877575.688 
137 0.9862200628803509 0.0010066811528394108 0.004255313291952473 0.008517942674857207 20110508877575.69 
138 0.9856007547548109 0.0010635028649732313 0.00445469191336017 0.008881050466855707 20110508877575.695 
139 0.9849347351931853 0.0011244860182670969 0.00466861398134505 0.009272164807202651 20110508877575.688 
140 0.9842184428637377 0.0011899040060706681 0.004898060067775997 0.009693593062415708 20110508877575.727 
141 0.9834481095741728 0.001260046078415311 0.005144058434549942 0.010147785912861923 20110508877575.71 
142 0.9826197472578695 0.0013352175157568512 0.0054076892556290425 0.010637345970744599 20110508877575.598 
143 0.9817291363603083 0.001415739295174639 0.0056900875422065235 0.011165036802310561 20110508877575.79 
144 0.980771816323692 0.00150194719761955 0.005992444434084388 0.011733792044604079 20110508877575.723 
145 0.9797430788289151 0.0015941903211498807 0.006316006568259431 0.01234672428167558 20110508877575.684 
146 0.978637964398143 0.0016928289801895664 0.006662073292131266 0.01300713332953625 20110508877575.8 
147 0.9774512628991938 0.001798231982105368 0.007031991546645603 0.013718513572055157 20110508877575.754 
148 0.9761775184350951 0.001910773278503163 0.00742714829713244 0.014484559989269168 20110508877575.68 
149 0.9748110390563629 0.0020308279897006984 0.007848960431457466 0.015309172522479047 20110508877575.805 
150 0.9733459117032895 0.002158767798215386 0.008298862074131419 0.016196458424363715 20110508877575.74 
