0 0.9999768408360213 2.3159163978609963e-05 0.0 0.0 20110318036087.74 
1 0.9999821246847683 7.150126092709694e-06 9.259156091278741e-06 1.4660330477858009e-06 20110508877575.73 
2 0.99998030380527 4.201379157212748e-06 1.2288362193652728e-05 3.206453379057631e-06 20110508877575.75 
3 0.9999754893916998 4.135086704468778e-06 1.5051920107098762e-05 5.3236014886832604e-06 20110508877575.734 
4 0.9999690747862899 4.806185770711407e-06 1.827203762446323e-05 7.846990314975858e-06 20110508877575.71 
5 0.9999613021741486 5.770420763727889e-06 2.2112764925476866e-05 1.0814640162200695e-05 20110508877575.695 
6 0.9999521168646124 6.940493017956064e-06 2.6662695085461814e-05 1.427994728418127e-05 20110508877575.742 
7 0.9999413622882971 8.313512498918644e-06 3.201277460945184e-05 1.8311424594510035e-05 20110508877575.68 
8 0.9999288298976253 9.908353208883822e-06 3.826894290279322e-05 2.299280626309109e-05 20110508877575.758 
9 0.9999142752792957 1.1750162390170732e-05 4.555166243953786e-05 2.8422895874656628e-05 20110508877575.7 
10 0.9998974265568767 1.3865759496646406e-05 5.3992659030464065e-05 3.4715024596201265e-05 20110508877575.78 
11 0.9998779919104108 1.6281365664086205e-05 6.373062653716251e-05 4.1996097387965025e-05 20110508877575.69 
12 0.9998556685355984 1.9020575729490887e-05 7.490580255288832e-05 5.0405086119314163e-05 20110508877575.742 
13 0.9998301541669131 2.2102057422055066e-05 8.765303883702124e-05 6.0090736827630555e-05 20110508877575.72 
14 0.9998011617855126 2.5536893072101535e-05 0.00010209309301811071 7.120822839724238e-05 20110508877575.723 
15 0.9997684376954221 2.9325658304020953e-05 0.000118322103168344 8.391454310539046e-05 20110508877575.707 
16 0.9997317826128849 3.345546812999672e-05 0.00013639953485488932 9.836238413024021e-05 20110508877575.754 
17 0.9996910747429164 3.789735063969291e-05 0.00015633530038816287 0.00011469260605579452 20110508877575.71 
18 0.999646293061826 4.2604417357883267e-05 0.00017807720677083015 0.00013302531404525773 20110508877575.75 
19 0.9995975383065805 4.751135108432749e-05 0.00020150031520276845 0.00015345002713231223 20110508877575.758 
20 0.9995450486776966 5.2535683516348404e-05 0.00022640007363308067 0.00017601556515397458 20110508877575.688 
21 0.9994892072055683 5.7581153410586436e-05 0.00025249107892772116 0.0002007205620933618 20110508877575.734 
22 0.9994305382828874 6.254312007122593e-05 0.0002794129254625874 0.00022750567157868697 20110508877575.754 
23 0.9993696920720827 6.731560378528563e-05 0.0003067437715697137 0.00025624855256226595 20110508877575.67 
24 0.9993074172048076 7.179913165911085e-05 0.00033402110050568726 0.0002867625630275579 20110508877575.77 
25 0.9992445240496814 7.590830740509485e-05 0.00036076789936683975 0.0003187997435465512 20110508877575.75 
26 0.9991818423727492 7.957799977329359e-05 0.00038652144135033624 0.0003520581861272169 20110508877575.746 
27 0.9991201780392502 8.276728883198706e-05 0.0004108613265852249 0.00038619334533257396 20110508877575.766 
28 0.9990602733037535 8.546075903483954e-05 0.00043343357147317287 0.00042083236573845536 20110508877575.727 
29 0.9990027742988263 8.766724417218017e-05 0.0004539682901845495 0.0004555901668168564 20110508877575.84 
30 0.9989482078926283 8.941655618514944e-05 0.0004722896546464514 0.0004900858965401398 20110508877575.73 
31 0.9988969685657596 9.075496109680856e-05 0.0004883180340611655 0.00052395843908238 20110508877575.848 
32 0.9988493147018767 9.174018087471288e-05 0.0005020652209995449 0.0005568798962491707 20110508877575.715 
33 0.9988053728631436 9.243655636133872e-05 0.0005136242907113974 0.0005885662897837187 20110508877575.664 
34 0.9987651482259527 9.291079348350296e-05 0.0005231558954335318 0.0006187850851302061 20110508877575.766 
35 0.9987285392804842 9.322851020233158e-05 0.0005308727452093972 0.0006473594641041299 20110508877575.734 
36 0.9986953550285014 9.345164556633528e-05 0.000537023784211702 0.0006741695417205257 20110508877575.754 
37 0.9986653331565294 9.363669044021037e-05 0.0005418792366465997 0.0006991509163839774 20110508877575.84 
38 0.9986381579620244 9.38336395973423e-05 0.0005457173376548833 0.0007222910607234438 20110508877575.727 
39 0.9986134771350231 9.408553253057783e-05 0.0005488132236060392 0.0007436241088402709 20110508877575.773 
40 0.9985909168192821 9.442843670807224e-05 0.0005514301578337443 0.000763224586175967 20110508877575.77 
41 0.9985700946680784 9.489172833501206e-05 0.0005538130283344456 0.0007812005752519617 20110508877575.74 
42 0.9985506308475719 9.549853990998942e-05 0.0005561838825099114 0.0007976867300082944 20110508877575.727 
43 0.998532157111042 9.626626808506888e-05 0.0005587391624154052 0.0008128374584573895 20110508877575.844 
44 0.9985143241676905 9.720706540095526e-05 0.0005616482662811927 0.0008268205006274573 20110508877575.715 
45 0.998496807606949 9.832827089188231e-05 0.0005650530764378034 0.0008398110457211688 20110508877575.746 
46 0.9984793126262835 9.963276360145236e-05 0.0005690681452326559 0.0008519864648823759 20110508877575.785 
47 0.9984615777623603 0.00010111924727382597 0.0005737813038872395 0.0008635216864787309 20110508877575.742 
48 0.9984433777569262 0.00010278249267674659 0.000579254541112933 0.0008745852092840638 20110508877575.75 
49 0.9984245256128043 0.00010461357581435064 0.0005855250779606026 0.000885335733420849 20110508877575.785 
50 0.9984048738231498 0.00010660015576493444 0.0005926066348228801 0.0008959193862623564 20110508877575.727 
51 0.9983843146977376 0.00010872683526554453 0.0006004909400753496 0.0009064675269215165 20110508877575.66 
52 0.9983627796708747 0.00011097564082575848 0.0006091495638227037 0.0009170951244767295 20110508877575.715 
53 0.9983402374617207 0.00011332664772467001 0.0006185361727185483 0.0009278997178361292 20110508877575.74 
54 0.9983166909715403 0.00011575875984795154 0.000628589292920448 0.0009389609756912871 20110508877575.77 
55 0.9982921728423566 0.00011825063671153201 0.0006392356402491558 0.000950340880682729 20110508877575.71 
56 0.9982667396620531 0.0001207817425658368 0.0006503940343080843 0.0009620845610729909 20110508877575.79 
57 0.9982404648727876 0.00012333347791467235 0.0006619798637314161 0.0009742217855662973 20110508877575.75 
58 0.9982134305102844 0.00012589034474941999 0.0006739100214858669 0.0009867691234803125 20110508877575.773 
59 0.9981857179579494 0.0001284410952508422 0.0006861081912109656 0.0009997327555886161 20110508877575.723 
60 0.9981573979300551 0.00013097982040994794 0.0006985103456684251 0.0010131119038665549 20110508877575.77 
61 0.9981285198946321 0.00013350694922823197 0.0007110703214112444 0.0010269028347283024 20110508877575.8 
62 0.9980991011071253 0.0001360301486443765 0.0007237653607299702 0.0010411033835004237 20110508877575.68 
63 0.9980691153548452 0.00013856513567387567 0.0007366015592353946 0.0010557179502455705 20110508877575.715 
64 0.9980384814210321 0.00014113643229007574 0.0007496192171707027 0.0010707629295071527 20110508877575.76 
65 0.9980070511830798 0.00014377810589507255 0.0007628981530282715 0.0010862725579968463 20110508877575.703 
66 0.9979745971847286 0.00014653453939246082 0.0007765630845434894 0.0011023051913353862 20110508877575.715 
67 0.9979407994944224 0.00014946126043729105 0.0007907891973131686 0.001118950047827064 20110508877575.824 
68 0.9979052317147453 0.00015262582474862398 0.000805807985202937 0.0011363344753030462 20110508877575.754 
69 0.997867346180391 0.00015610868841266332 0.0008219133365545265 0.0011546317946417258 20110508877575.613 
70 0.9978264587199493 0.00016000391388523705 0.000839467630547341 0.001174069735617965 20110508877575.797 
71 0.9977817339072212 0.00016441943064135923 0.0008589072732759337 0.0011949393888613304 20110508877575.848 
72 0.9977321725273185 0.00016947641661953607 0.0008807466246962306 0.0012176044313657187 20110508877575.66 
73 0.9976766040301864 0.0001753071965417324 0.0009055786501427203 0.0012425101231291961 20110508877575.742 
74 0.9976136879540128 0.00018205090781616746 0.0009340699287588108 0.0012701912094121278 20110508877575.7 
75 0.9975419294414668 0.00018984613935633008 0.0009669470091267793 0.0013012774100501204 20110508877575.742 
76 0.9974597146105978 0.00019881991570261373 0.0010049707846908837 0.0013364946890086743 20110508877575.746 
77 0.9973653710596562 0.0002090729023932405 0.001048895950504555 0.0013766600874460856 20110508877575.676 
78 0.997257256541769 0.00022066161208311437 0.001099414100539477 0.0014226677456083995 20110508877575.766 
79 0.9971338745652002 0.00023357958160511634 0.0011570818218759995 0.0014754640313187765 20110508877575.75 
80 0.9969940099353845 0.00024774058626998165 0.00122223890364978 0.0015360105746958564 20110508877575.77 
81 0.9968368716884918 0.0002629673831272813 0.0012949254769907906 0.0016052354513901921 20110508877575.777 
82 0.9966622275217198 0.0002789888219962047 0.0013748091458287875 0.0016839745104551304 20110508877575.78 
83 0.9964705136268527 0.0002954467014320519 0.001461133137608363 0.0017729065341068608 20110508877575.73 
84 0.9962629053034686 0.00031191253029139794 0.0015526948771855547 0.001872487289054331 20110508877575.703 
85 0.9960413339465636 0.00032791438058153564 0.0016478630393981198 0.0019828886334567935 20110508877575.7 
86 0.9958084342383808 0.0003429748156296731 0.0017446410533770384 0.0021039498926123975 20110508877575.754 
87 0.9955674061730196 0.0003566601532225843 0.0018407840854517989 0.00223514958830605 20110508877575.75 
88 0.9953217874819913 0.00036863692751622814 0.0019339701311028086 0.0023756054593895943 20110508877575.72 
89 0.9950751558274278 0.00037872440001099854 0.0020220114578838326 0.0025241083146773043 20110508877575.785 
90 0.9948308082837776 0.0003869272424208819 0.0021030744157036455 0.002679190058097936 20110508877575.734 
91 0.9945914818221454 0.0003934352071713275 0.002175863699517403 0.0028392192711660783 20110508877575.758 
92 0.9943591708093807 0.00039858710390274426 0.0022397305935802692 0.0030025114931361467 20110508877575.76 
93 0.9941350682915998 0.0004028092265147584 0.0022946841630537298 0.0031674383188316215 20110508877575.74 
94 0.993919621889152 0.0004065463432471975 0.0023413110474381966 0.003332520720162702 20110508877575.793 
95 0.9937126687673785 0.000410202957698966 0.002380631517145846 0.003496496757776701 20110508877575.812 
96 0.9935136052681931 0.0004141056204333422 0.0024139290701822753 0.003658360041191194 20110508877575.85 
97 0.9933215531713184 0.0004184883340634208 0.0024425876491795794 0.0038173708454384728 20110508877575.777 
98 0.9931354985473331 0.0004234965856419784 0.002467959425545175 0.003973045441479769 20110508877575.73 
99 0.9929543933075561 0.00042920281936835013 0.002491273177711579 0.004125130695364026 20110508877575.74 
100 0.9927772196011019 0.0004356266162998223 0.002513582985412241 0.004273570797186159 20110508877575.72 
101 0.9926030223163942 0.00044275491283593267 0.0025357509531099575 0.004418471817659849 20110508877575.67 
102 0.9924309163999615 0.0004505598156665088 0.0025584554927499865 0.004560068291622158 20110508877575.746 
103 0.9922600754188929 0.00045901313072769715 0.002582216869315391 0.00469869458106397 20110508877575.805 
104 0.9920897072186167 0.00046809745535260366 0.002607432800884821 0.004834762525145725 20110508877575.758 
105 0.9919190222234742 0.00047781386246836154 0.002634418060273162 0.0049687458537842405 20110508877575.75 
106 0.99174719970251 0.00048818623484118414 0.0026634430555859427 0.0051011710070628935 20110508877575.71 
107 0.9915733567151271 0.0004992624566340381 0.0026947674531979373 0.005232613375040912 20110508877575.73 
108 0.9913965232042836 0.0005111129738317807 0.002728666234440719 0.0053636975874438554 20110508877575.742 
109 0.9912156249736452 0.0005238275519226979 0.0027654471095405597 0.005495100364891519 20110508877575.65 
110 0.9910294745195385 0.0005375112155120685 0.002805459692613037 0.0056275545723364 20110508877575.797 
111 0.9908367683498832 0.0005522802716510759 0.0028490979583087298 0.0057618534201568225 20110508877575.742 
112 0.9906360887505117 0.0005682590453334137 0.0028967980640660397 0.00589885414008895 20110508877575.758 
113 0.9904259079161868 0.0005855776153994534 0.00294903363923987 0.006039480829173844 20110508877575.727 
114 0.9902045927292962 0.0006043705507587955 0.0030063102764708396 0.006184726443474285 20110508877575.734 
115 0.9899704089876333 0.0006247764728939308 0.00306916042830203 0.006335654111170627 20110508877575.754 
116 0.9897215243661774 0.0006469382116781996 0.003138139393258679 0.006493398028885815 20110508877575.707 
117 0.9894560097585247 0.0006710033410836616 0.0032138226713966664 0.006659164228994938 20110508877575.723 
118 0.9891718388730784 0.0006971249354193022 0.003296804705831815 0.0068342314856704636 20110508877575.652 
119 0.9888668860885699 0.000725462442847105 0.0033876988832339055 0.007019952585349146 20110508877575.77 
120 0.9885389226422379 0.000756182615187081 0.0034871386047608433 0.0072177561378142146 20110508877575.73 
121 0.9881856112621974 0.0007894604584870598 0.0035957792239754227 0.007429149055340044 20110508877575.727 
122 0.9878044993807237 0.0008254801811687397 0.0037143006550764564 0.0076557197830310906 20110508877575.766 
123 0.9873930110851056 0.0008644361209783403 0.0038434104691724915 0.007899142324743622 20110508877575.7 
124 0.9869484379800176 0.0009065336325470132 0.00398384731170524 0.008161181075730045 20110508877575.734 
125 0.9864679291510304 0.0009519899163546493 0.004136384487820636 0.008443696444794249 20110508877575.758 
126 0.9859484804340944 0.0010010347680918527 0.004301833573336564 0.008748651224477202 20110508877575.72 
127 0.985386923212302 0.00105391122486197 0.004481047916187518 0.00907811764664853 20110508877575.707 
128 0.9847799129807913 0.0011108760811974407 0.004674925896159579 0.00943428504185173 20110508877575.836 
129 0.984123917944801 0.0011722002434707043 0.004884413808946097 0.009819468002782144 20110508877575.67 
130 0.9834152079451931 0.0012381688862135984 0.005110508234172004 0.010236114934421258 20110508877575.69 
131 0.9826498440397156 0.0013090813686149375 0.005354257736822142 0.01068681685484734 20110508877575.77 
132 0.9818236691054012 0.001385250864657438 0.005616763738875381 0.011174316291066053 20110508877575.645 
133 0.9809322998654931 0.0014670036565798243 0.005899180384730131 0.011701516093196933 20110508877575.727 
134 0.9799711207806899 0.0015546780390467076 0.006202713212160747 0.012271487968102582 20110508877575.742 
135 0.9789352802770567 0.001648622780774894 0.006528616431772214 0.012887480510396199 20110508877575.656 
136 0.9778196898100139 0.0017491950913512582 0.006878188613437113 0.013552926485197726 20110508877575.72 
137 0.9766190262845649 0.001856758043342413 0.007252766578566423 0.0142714490935265 20110508877575.734 
138 0.9753277383661841 0.0019716774032473494 0.007653717302296942 0.015046866928271493 20110508877575.793 
139 0.9739400572246725 0.0020943178291812667 0.008082427639466504 0.01588319730667992 20110508877575.77 
140 0.9724500122546861 0.0022250383984199224 0.008540291702304375 0.01678465764458979 20110508877575.684 
141 0.9708514523108076 0.0023641874343898178 0.00902869573617896 0.017755664518623548 20110508877575.734 
142 0.9691380729799822 0.002512096610946581 0.009549000363215338 0.018800830045856056 20110508877575.754 
143 0.9673034503868911 0.0026690743226335813 0.010102520093536752 0.019924955196938605 20110508877575.703 
144 0.965341081984105 0.002835398323926164 0.010690500042338204 0.021133019649630526 20110508877575.734 
145 0.9632444347136764 0.003011307659058629 0.011314089840402063 0.02243016778686288 20110508877575.66 
146 0.9610070008349066 0.00319699392752776 0.011974314788527837 0.02382169044903787 20110508877575.73 
147 0.958622361589202 0.003392591959106485 0.012672044384874884 0.02531300206681655 20110508877575.71 
148 0.956084258713 0.0035981700061371467 0.013407958449929352 0.02690961283093347 20110508877575.723 
149 0.9533866736107113 0.003813719599526484 0.01418251118721932 0.028617095602542844 20110508877575.73 
150 0.9505239137606452 0.004039145257261325 0.014995893648171998 0.0304410473339215 20110508877575.758 
