0 0.9999873705091066 1.2629490893285408e-05 0.0 0.0 20110470029379.74 
1 0.9999924802760333 3.007889586620733e-06 3.895108817206705e-06 6.16725562724395e-07 20110508877575.742 
2 0.9999944792640766 1.160527481406008e-06 3.454532746870878e-06 9.056756950339217e-07 20110508877575.74 
3 0.9999954359828768 7.512140597701953e-07 2.8090374776225116e-06 1.0037655858708208e-06 20110508877575.742 
4 0.9999960713668585 5.97795551350078e-07 2.3209119779012183e-06 1.0099256121946713e-06 20110508877575.684 
5 0.9999965717132688 5.038996864531495e-07 1.954898402835981e-06 9.694886418074896e-07 20110508877575.7 
6 0.999996996684046 4.317997642897884e-07 1.6666056893749354e-06 9.04910500500847e-07 20110508877575.727 
7 0.9999973683414954 3.7216943574549873e-07 1.4304869283015538e-06 8.290021405702932e-07 20110508877575.77 
8 0.99999769612241 3.216402164458571e-07 1.2325866906247182e-06 7.496506830788722e-07 20110508877575.727 
9 0.9999979851634807 2.784351304577868e-07 1.0646721279781053e-06 6.717292607502086e-07 20110508877575.74 
10 0.9999982392185519 2.4135622318518596e-07 9.213139973253774e-07 5.981112276722969e-07 20110508877575.688 
11 0.9999984616180969 2.09489650154787e-07 7.985596415189881e-07 5.303326114517913e-07 20110508877575.754 
12 0.9999986555187058 1.820964492245709e-07 6.933279484346091e-07 4.690568964145791e-07 20110508877575.734 
13 0.9999988239186006 1.5856235923157557e-07 6.03118302615338e-07 4.1440073732683166e-07 20110508877575.72 
14 0.9999989696161018 1.3837013559060667e-07 5.258569207115813e-07 3.66156842014985e-07 20110508877575.66 
15 0.9999990951701992 1.210818283855189e-07 4.5980570887801453e-07 3.239422633101155e-07 20110508877575.676 
16 0.9999992028778208 1.0632613733741923e-07 4.035017371651432e-07 2.8729430472946294e-07 20110508877575.723 
17 0.9999992947671466 9.378874464447585e-08 3.5571337703402237e-07 2.5573073162526615e-07 20110508877575.836 
18 0.9999993726023694 8.320463663455464e-08 3.154066925553188e-07 2.2878630143693499e-07 20110508877575.695 
19 0.999999437895214 7.435189789952239e-08 2.817189109395603e-07 2.060339772129637e-07 20110508877575.758 
20 0.9999994919195729 6.704667742360266e-08 2.539372405828671e-07 1.8709650897411014e-07 20110508877575.66 
21 0.9999995357266943 6.11391340658396e-08 2.3148199173767504e-07 1.7165217983006957e-07 20110508877575.715 
22 0.9999995701592332 5.651022928270116e-08 2.138933153950816e-07 1.5943722200401574e-07 20110508877575.723 
23 0.9999995958630936 5.3069273687724924e-08 2.0082108967075322e-07 1.5024654304919823e-07 20110508877575.74 
24 0.9999996132963769 5.0752162059355273e-08 1.9201762683952195e-07 1.4393383427549906e-07 20110508877575.688 
25 0.9999996227349963 4.952025384085734e-08 1.8733298243699628e-07 1.404117673241465e-07 20110508877575.637 
26 0.9999996242746324 4.935987558670823e-08 1.8671273687784587e-07 1.3965275504459332e-07 20110508877575.82 
27 0.9999996178287476 5.02824396406092e-08 1.9019819846046429e-07 1.4169061449840443e-07 20110508877575.78 
28 0.9999996031223668 5.2325190521552095e-08 1.9792904965262453e-07 1.466233930991057e-07 20110508877575.77 
29 0.9999995796812785 5.555260775495724e-08 2.1014852982868947e-07 1.5461758394258307e-07 20110508877575.746 
30 0.9999995468162175 6.005851181939382e-08 2.2721132006277886e-07 1.6591395064681658e-07 20110508877575.656 
31 0.9999995036014916 6.596893904844904e-08 2.495943717439111e-07 1.8083519760503502e-07 20110508877575.71 
32 0.9999994488473707 7.344587228984564e-08 2.7791100311807763e-07 1.9979575377989264e-07 20110508877575.785 
33 0.9999993810653991 8.269193745652369e-08 3.1292867884331776e-07 2.2331398454250558e-07 20110508877575.664 
34 0.999999298425602 9.395620241904527e-08 3.5559098984114285e-07 2.5202720563453566e-07 20110508877575.7 
35 0.9999991987043421 1.075412446439812e-07 4.070444668964172e-07 2.8670994624983424e-07 20110508877575.723 
36 0.9999990792213218 1.238116882923978e-07 4.686709945915549e-07 3.2829599547031803e-07 20110508877575.703 
37 0.999998936763934 1.4320445092687936e-07 5.421267455335728e-07 3.779048694880844e-07 20110508877575.77 
38 0.9999987674968243 1.6624098535854768e-07 6.293887320211362e-07 4.368734584048421e-07 20110508877575.727 
39 0.9999985668541148 1.9354185436015402e-07 7.328102771816762e-07 5.067937536290398e-07 20110508877575.75 
40 0.9999983294112967 2.2584403585069945e-07 8.551869443259864e-07 5.895577231654481e-07 20110508877575.74 
41 0.9999980487332433 2.640214245540471e-07 9.998347361218922e-07 6.874105960151072e-07 20110508877575.78 
42 0.9999977171941954 3.09109073760094e-07 1.1706826884669362e-06 8.03014042457344e-07 20110508877575.69 
43 0.9999973257648519 3.6233180813528597e-07 1.37238234160677e-06 9.3952099843722e-07 20110508877575.68 
44 0.9999968637609041 4.2513793556430233e-07 1.610436976265114e-06 1.1006641840331383e-06 20110508877575.73 
45 0.9999963185464388 4.992388920617481e-07 1.8913539569451503e-06 1.2908607123136785e-06 20110508877575.74 
46 0.9999956751846263 5.866557670535902e-07 2.22282402712515e-06 1.5153355795733303e-06 20110508877575.656 
47 0.9999949160270065 6.897737732718114e-07 2.6139319465634558e-06 1.7802672735989784e-06 20110508877575.777 
48 0.9999940202314886 8.114058401013588e-07 3.0754034376000283e-06 2.0929592338479778e-06 20110508877575.777 
49 0.9999929631979511 9.548666118020007e-07 3.6198939936974562e-06 2.4620414434162015e-06 20110508877575.76 
50 0.9999917159091091 1.124058207780048e-06 4.262325663796644e-06 2.8977070193317324e-06 20110508877575.72 
51 0.9999902441631879 1.3235691289870464e-06 5.02027840430238e-06 3.4119892788980307e-06 20110508877575.71 
52 0.9999885076840898 1.5587876406837005e-06 5.91444290202971e-06 4.019085367610999e-06 20110508877575.773 
53 0.9999864590943321 1.8360307820494904e-06 6.969141792176116e-06 4.735733093754557e-06 20110508877575.72 
54 0.9999840427364098 2.1626897847684264e-06 8.212925747977888e-06 5.581648057519903e-06 20110508877575.684 
55 0.999981193329817 2.54739204068708e-06 9.679249755266824e-06 6.580028387029841e-06 20110508877575.7 
56 0.9999778344543486 3.000178730081228e-06 1.1407232666821433e-05 7.75813425447118e-06 20110508877575.742 
57 0.9999738768562932 3.532695661448213e-06 1.3442499406063081e-05 9.147948639081995e-06 20110508877575.695 
58 0.9999692165837779 4.158392599803147e-06 1.5838099370158562e-05 1.0786924252233234e-05 20110508877575.723 
59 0.9999637329721361 4.89272315785881e-06 1.8655485931896572e-05 1.2718818774202175e-05 20110508877575.77 
60 0.9999572865213763 5.753332954659392e-06 2.1965529572468936e-05 1.499461609657412e-05 20110508877575.75 
61 0.9999497167374026 6.760217974633554e-06 2.5849520095675297e-05 1.767352452720207e-05 20110508877575.71 
62 0.9999408400485305 7.93582770958409e-06 3.0400090563538247e-05 2.082403319649548e-05 20110508877575.746 
63 0.9999304479606403 9.305078710622572e-06 3.572196621648768e-05 2.452499443257612e-05 20110508877575.8 
64 0.9999183056788415 1.0895233889105926e-05 4.1932405378301576e-05 2.8866681890919554e-05 20110508877575.734 
65 0.9999041514998397 1.2735592072028275e-05 4.916115693672577e-05 3.3951751151641336e-05 20110508877575.785 
66 0.9998876973632498 1.4856922522544658e-05 5.7549713022501164e-05 3.9896001205155556e-05 20110508877575.742 
67 0.9998686310329932 1.7290573086792755e-05 6.724959145269352e-05 4.68288024674012e-05 20110508877575.758 
68 0.9998466204458134 2.0067182436482855e-05 7.841934989324815e-05 5.489302185690278e-05 20110508877575.67 
69 0.9998213207883994 2.321494214067394e-05 9.122002716927307e-05 6.42442422906524e-05 20110508877575.793 
70 0.9997923848137501 2.6757389706108304e-05 0.00010580874678163595 7.504904976202845e-05 20110508877575.727 
71 0.9997594767402861 3.0710775813218825e-05 0.00012233032768811176 8.748215621246029e-05 20110508877575.773 
72 0.9997222897522987 3.5081141711701454e-05 0.0001409069520509647 0.0001017221539386148 20110508877575.73 
73 0.9996805666087925 3.98613637999683e-05 0.00016162625534543314 0.0001179457720621571 20110508877575.805 
74 0.9996341221729984 4.502855870054327e-05 0.00018452862754887207 0.0001363206407521875 20110508877575.844 
75 0.9995828658553362 5.05423661540166e-05 0.00020959500774407272 0.00015699677076563416 20110508877575.73 
76 0.9995268211497847 5.6344696873684126e-05 0.00023673693584535266 0.00018009721749621458 20110508877575.688 
77 0.9994661388411828 6.23614987481599e-05 0.00026579096631757393 0.00020570869375148934 20110508877575.78 
78 0.9994011003121414 6.850691638670684e-05 0.0002965195959133409 0.0002338731755586308 20110508877575.746 
79 0.9993321078952667 7.4689885573335e-05 0.00032862047474235703 0.00026458174441775753 20110508877575.684 
80 0.9992596604862052 8.082275639337622e-05 0.0003617448000608647 0.00029777195734072693 20110508877575.727 
81 0.9991843145358696 8.683107358941625e-05 0.00039552451118821813 0.000333329879352721 20110508877575.78 
82 0.9991066327308936 9.266329229881624e-05 0.00042960643904969587 0.00037109753775783514 20110508877575.676 
83 0.9990271246571504 9.829909232350668e-05 0.0004636902481370981 0.0004108860023890024 20110508877575.684 
84 0.9989461850452316 0.00010375512858007962 0.0004975661761883033 0.0004524936499998521 20110508877575.766 
85 0.9988640355425068 0.00010908747289276319 0.0005311484354212781 0.0004957285491790828 20110508877575.754 
86 0.9987806753831638 0.00011439052550297734 0.0005645006807037924 0.0005404334106292877 20110508877575.812 
87 0.9986958451750568 0.00011979262932930423 0.000597850946954802 0.0005865112486591502 20110508877575.78 
88 0.9986090067844601 0.0001254488684841258 0.0006315945531429974 0.0006339497939126741 20110508877575.777 
89 0.9985193414128363 0.00013153153277771767 0.0006662843242143358 0.0006828427301716664 20110508877575.688 
90 0.9984257676042552 0.0001382185563068555 0.0007026079199410641 0.0007334059194970035 20110508877575.73 
91 0.9983269809110273 0.00014568006006054568 0.0007413521614263384 0.0007859868674858245 20110508877575.668 
92 0.9982215167370638 0.0001540631529376207 0.0007833543497079531 0.0008410657602907192 20110508877575.65 
93 0.9981078367542646 0.00016347553024045146 0.0008294411613801426 0.000899246554114807 20110508877575.74 
94 0.9979844367118107 0.00017396915069598081 0.0008803571807052672 0.000961236956787944 20110508877575.75 
95 0.997849969567975 0.00018552611094365645 0.0009366874746434084 0.0010278168464378317 20110508877575.758 
96 0.9977033738252101 0.00019804926147248806 0.0009987811624019294 0.0010997957509156072 20110508877575.754 
97 0.9975439946531537 0.00021135960907298022 0.0010666844434773421 0.0011779612942959482 20110508877575.668 
98 0.9973716863006866 0.00022520108889366374 0.0011400909435231113 0.001263021666896626 20110508877575.69 
99 0.9971868878003439 0.00023925166612609263 0.0012183146467063261 0.0013555458868237996 20110508877575.723 
100 0.9969906669141955 0.0002531392657401528 0.001300287932782978 0.0014559058872814883 20110508877575.69 
101 0.9967847262834975 0.00026646237036308316 0.0013845866918159144 0.001564224654323552 20110508877575.715 
102 0.9965713611750172 0.00027881707195641944 0.0014694865734097913 0.0016803351796166846 20110508877575.742 
103 0.9963533557440892 0.00028983232228429215 0.001553056123243927 0.0018037558103827002 20110508877575.746 
104 0.9961338114483863 0.0002992114815991582 0.0016332892161001762 0.001933687853914291 20110508877575.7 
105 0.9959159186790778 0.0003067725377629453 0.0017082688743635139 0.0020690399087956945 20110508877575.727 
106 0.9957027036030665 0.0003124756241463178 0.0017763409331596044 0.0022084798396275413 20110508877575.793 
107 0.9954967950530791 0.00031642807162391215 0.0018362665810967202 0.0023505102942004983 20110508877575.707 
108 0.9953002534495009 0.00031886399986212497 0.001887323682851349 0.002493558867785713 20110508877575.793 
109 0.9951144865529493 0.0003201037893407972 0.001929338462676541 0.0026360711950333027 20110508877575.707 
110 0.9949402538301617 0.00032050443028051347 0.0019626464485037877 0.0027765952910540435 20110508877575.703 
111 0.9947777419264554 0.0003204125985390421 0.0019879973834490273 0.0029138480915564388 20110508877575.75 
112 0.9946266836729841 0.00032012910581968233 0.0020064279792593636 0.0030467592419367783 20110508877575.773 
113 0.9944864924662897 0.0003198884592784708 0.0020191276380694353 0.0031744914363623887 20110508877575.777 
114 0.9943563897055602 0.0003198528498653042 0.002027317444993902 0.003296439999580633 20110508877575.75 
115 0.9942355115214726 0.00032011710291878506 0.002032154928888417 0.0034122164467202125 20110508877575.746 
116 0.9941229893537697 0.00032072009190658334 0.0020346691179710433 0.003521621436352648 20110508877575.688 
117 0.9940180052626271 0.00032165844192153214 0.0020357241442170737 0.003624612151234318 20110508877575.707 
118 0.9939198264177109 0.0003228995090487058 0.0020360059312859065 0.003721268141954543 20110508877575.766 
119 0.9938278240552442 0.00032439210503691933 0.0020360253509568286 0.003811758488762004 20110508877575.742 
120 0.9937414810845094 0.0003260747792193349 0.002036132034475543 0.003896312101795674 20110508877575.754 
121 0.9936603906616539 0.00032788230933007906 0.0020365347844157034 0.003975192244600251 20110508877575.734 
122 0.9935842466338592 0.00032975122947883755 0.00203732622222154 0.004048675914440404 20110508877575.75 
123 0.9935128265205815 0.0003316248416941425 0.0020385102202266896 0.0041170384174977325 20110508877575.758 
124 0.9934459686236744 0.00033345754136133575 0.002040030645788614 0.00418054318917558 20110508877575.777 
125 0.9933835462685539 0.0003352178254973687 0.0020417993602515794 0.004239436545696911 20110508877575.695 
126 0.9933254431510898 0.0003368893089744724 0.002043720906781516 0.004293946633154097 20110508877575.758 
127 0.993271533642139 0.00033846946263025565 0.0020457114282433826 0.0043442854669873705 20110508877575.75 
128 0.9932216706166701 0.0003399663937007269 0.002047710240008374 0.004390652749620712 20110508877575.74 
129 0.9931756814216729 0.0003413945093673145 0.0020496838808215516 0.004433240188138246 20110508877575.805 
130 0.9931333707120593 0.00034277011608792286 0.002051623877303325 0.0044722352945494445 20110508877575.74 
131 0.9930945276623258 0.00034410786552735304 0.0020535404200536077 0.004507824052093219 20110508877575.74 
132 0.9930589347363762 0.0003454185757946597 0.0020554544331210945 0.0045401922547080335 20110508877575.715 
133 0.9930263756416498 0.0003467085141502832 0.00205739017312984 0.004569525671070043 20110508877575.64 
134 0.9929966409747147 0.00034797987579909215 0.002059369757571096 0.0045960093919148685 20110508877575.72 
135 0.9929695310274197 0.00034923200689775525 0.002061410183398188 0.004619826782284502 20110508877575.695 
136 0.992944856005053 0.0003504628966350062 0.002063522689212885 0.004641158409099015 20110508877575.766 
137 0.9929224343865367 0.00035167055498455316 0.0020657138613884045 0.004660181197090429 20110508877575.715 
138 0.9929020903258066 0.00035285403783891955 0.0020679877059334426 0.004677067930420995 20110508877575.746 
139 0.9928836509226342 0.00035401402737704317 0.002070347950857046 0.004691987099131836 20110508877575.754 
140 0.9928669439788959 0.00035515298980419213 0.0020728000227383295 0.004705103008561576 20110508877575.793 
141 0.992851796596096 0.0003562750021785717 0.0020753523709937673 0.004716576030731677 20110508877575.73 
142 0.9928380347297903 0.00035738536732103063 0.0020780170292939567 0.004726562873594599 20110508877575.67 
143 0.9928254836337463 0.000358490131740823 0.0020808094686124005 0.004735216765900497 20110508877575.727 
144 0.9928139690120689 0.0003595955993519215 0.0020837478982991104 0.0047426874902800915 20110508877575.68 
145 0.9928033186449458 0.00036070790483823617 0.0020868522153535815 0.004749121234862429 20110508877575.777 
146 0.9927933642488018 0.0003618326824819986 0.002090142801411587 0.004754660267304798 20110508877575.76 
147 0.992783943358656 0.00036297484310953635 0.002093639337675521 0.004759442460558894 20110508877575.797 
148 0.9927749010651531 0.000364138454937834 0.002097359764251747 0.00476360071565736 20110508877575.676 
149 0.9927660914899167 0.0003653267134061023 0.002101319462991975 0.00476726233368516 20110508877575.63 
150 0.9927573789324853 0.00036654197968385006 0.0021055306993884018 0.004770548388442425 20110508877575.816 
