0 0.9999768408360213 2.3159163978609963e-05 0.0 0.0 20110318036087.74 
1 0.9999821246847683 7.150126092709694e-06 9.259156091278741e-06 1.4660330477858009e-06 20110508877575.73 
2 0.99998030380527 4.201379157212748e-06 1.2288362193652728e-05 3.206453379057631e-06 20110508877575.75 
3 0.999975489432541 4.135086704468778e-06 1.5051879265803021e-05 5.3236014886832604e-06 20110508877575.734 
4 0.9999690749374593 4.80617450449117e-06 1.8271906447747044e-05 7.846981588379003e-06 20110508877575.68 
5 0.9999613025308945 5.770381336466484e-06 2.2112484525916023e-05 1.0814603243188925e-05 20110508877575.67 
6 0.9999521175528048 6.940404673845921e-06 2.666219224882545e-05 1.4279850272594972e-05 20110508877575.652 
7 0.9999413634723323 8.313349824444125e-06 3.201195742798869e-05 1.8311220415208903e-05 20110508877575.74 
8 0.9999288317897957 9.908084732586432e-06 3.826769648928966e-05 2.2992428982376073e-05 20110508877575.78 
9 0.9999142781505184 1.1749749074690789e-05 4.554984421344549e-05 2.842225619356022e-05 20110508877575.62 
10 0.9998974307490747 1.3865153115467095e-05 5.3990093316840884e-05 3.4714004493026e-05 20110508877575.824 
11 0.9998779978509124 1.628050697958719e-05 6.372709831711828e-05 4.199454379099334e-05 20110508877575.785 
12 0.9998556767539176 1.9019392402913516e-05 7.490105023372637e-05 5.040280344586305e-05 20110508877575.668 
13 0.9998301653142742 2.210046160287265e-05 8.764674592139885e-05 6.008747820171455e-05 20110508877575.746 
14 0.9998011766574737 2.5534778623832293e-05 0.0001020848785606669 7.120368534172208e-05 20110508877575.72 
15 0.9997684572579595 2.9322897629147866e-05 0.00011831151092041485 8.390833349097642e-05 20110508877575.742 
16 0.9997318080322708 3.3451908561643735e-05 0.0001363860210151258 9.835403815260565e-05 20110508877575.723 
17 0.9996911074197219 3.789281037382958e-05 0.0001563182198998215 0.00011468155000436366 20110508877575.742 
18 0.9996463346693331 4.259868090785522e-05 0.00017805579813469965 0.00013301085162434174 20110508877575.734 
19 0.9995975908338458 4.7504164249433097e-05 0.0002014736838062725 0.0001534313180986097 20110508877575.816 
20 0.9995451144774603 5.2526747867492705e-05 0.0002263671736274217 0.0001759916010447172 20110508877575.758 
21 0.9994892890471451 5.757012030755295e-05 0.000252450693710901 0.00020069013883666388 20110508877575.703 
22 0.999430639410123 6.252958423607741e-05 0.0002793636468404425 0.00022746735880050764 20110508877575.703 
23 0.9993698162664437 6.729909646261496e-05 0.000306683977663252 0.00025620065943032994 20110508877575.793 
24 0.9993075688536627 7.177911339395661e-05 0.0003339489324457794 0.0002867031004975865 20110508877575.707 
25 0.9992447082198802 7.58841604611474e-05 0.0003606812367638879 0.00031872638289478974 20110508877575.746 
26 0.9991820648896954 7.954902019637146e-05 0.00038641787644779564 0.00035196821366040537 20110508877575.785 
27 0.9991204455718006 8.273267813655572e-05 0.00041073813690649944 0.00038608361315631024 20110508877575.8 
28 0.9990605934554512 8.541961545620415e-05 0.000433287690659002 0.0004206992384336599 20110508877575.773 
29 0.9990031557061932 8.761855338652545e-05 0.00045379627660100124 0.0004554294638194087 20110508877575.734 
30 0.9989486603314728 8.935918135730626e-05 0.00047208765722930824 0.0004898928299404062 20110508877575.727 
31 0.99889750306671 9.068763207437078e-05 0.0004880817547544465 0.0005237275464612058 20110508877575.72 
32 0.9988499436766012 9.166148230881398e-05 0.00050178987304296 0.0005566049680470271 20110508877575.71 
33 0.9988061102430086 9.234491449917335e-05 0.0005133045519291714 0.0005882402905631228 20110508877575.73 
34 0.9987660096151522 9.280446134385906e-05 0.0005227858555650056 0.0006184000679391257 20110508877575.715 
35 0.9987295421260194 9.310555081007092e-05 0.000530445846190932 0.0006469064769795751 20110508877575.727 
36 0.9986965188097777 9.33099128809959e-05 0.0005365327521565734 0.0006736385251848719 20110508877575.684 
37 0.9986666795977974 9.347380756338683e-05 0.0005413160040634482 0.0006985305905756874 20110508877575.758 
38 0.9986397112714749 9.36469737788692e-05 0.0005450729541832958 0.0007215688005629556 20110508877575.66 
39 0.9986152642750245 9.387216641019568e-05 0.000548077753215657 0.0007427858053495179 20110508877575.758 
40 0.9985929678131271 9.418513512227285e-05 0.0005505925600149496 0.0007622544917358136 20110508877575.754 
41 0.998572442949654 9.461489988270881e-05 0.0005528610202841947 0.0007800811301791601 20110508877575.74 
42 0.9985533136616961 9.518419229884302e-05 0.0005551037786600902 0.0007963983673448752 20110508877575.723 
43 0.9985352159738353 9.590995606463163e-05 0.0005575156868326148 0.0008113583832673062 20110508877575.73 
44 0.9985178053983762 9.680382981910621e-05 0.000560264332445098 0.0008251264393597355 20110508877575.754 
45 0.9985007629450023 9.787256707468276e-05 0.0005634895276319768 0.0008378749602910694 20110508877575.79 
46 0.9984837999509707 9.911837683749438e-05 0.0005673034471934011 0.0008497782249982991 20110508877575.688 
47 0.9984666619356111 0.00010053919266284372 0.0005717911793761848 0.000861007692349893 20110508877575.785 
48 0.9984491316153207 0.00010212889595404297 0.0005770115336111483 0.0008717279551141047 20110508877575.742 
49 0.9984310311404936 0.00010387753095723812 0.0005829980286059973 0.0008820932999432004 20110508877575.742 
50 0.9984122235450288 0.00010577155418808492 0.0005897600528827813 0.000892244847900478 20110508877575.777 
51 0.9983926133415145 0.00010779416017352755 0.0005972842424796861 0.0009023082558322147 20110508877575.715 
52 0.9983721461582808 0.00010992571875916171 0.0006055361533605382 0.0009123919695994088 20110508877575.79 
53 0.9983508073034708 0.0001121443474465708 0.000614462317153656 0.0009225860319290242 20110508877575.78 
54 0.9983286191584644 0.00011442662639572071 0.0006239927581916583 0.0009329614569482095 20110508877575.74 
55 0.9983056373470848 0.00011674844560157517 0.0006340440197137392 0.0009435701875999966 20110508877575.77 
56 0.9982819456926378 0.00011908595569766498 0.000644522702236006 0.0009544456494284178 20110508877575.656 
57 0.9982576500526398 0.00012141657859121636 0.0006553294644997825 0.0009656039042693689 20110508877575.73 
58 0.9982328711987793 0.0001237200243491089 0.0006663633856863154 0.0009770453911851456 20110508877575.703 
59 0.9982077369739979 0.00012597925843967767 0.0006775265457561898 0.0009887572218062921 20110508877575.734 
60 0.9981823739974787 0.00012818136945517213 0.0006887286567353954 0.0010007159763308505 20110508877575.746 
61 0.9981568991934686 0.00013031830123766622 0.0006998915768370521 0.0010128909284566662 20110508877575.68 
62 0.9981314113878538 0.00013238743298864264 0.0007109535631566439 0.0010252476160009514 20110508877575.74 
63 0.9981059831497759 0.00013439201354988146 0.0007218731650239514 0.001037751671650189 20110508877575.734 
64 0.9980806529618667 0.0001363414782706486 0.00073263272313504 0.0010503728367276548 20110508877575.793 
65 0.9980554176932542 0.00013825169555740382 0.0007432415110324491 0.0010630891001559986 20110508877575.664 
66 0.9980302252378471 0.0001401452027591318 0.00075373862585348 0.0010758909335402145 20110508877575.656 
67 0.9980049670806628 0.0001420514956326461 0.0007641957949276904 0.0010887856287768334 20110508877575.7 
68 0.9979794704813542 0.0001440074309976275 0.0007747203046939812 0.0011018017829541639 20110508877575.77 
69 0.997953489931188 0.0001460577872391055 0.0007854582698656686 0.0011149940117071927 20110508877575.73 
70 0.9979266975639219 0.00014825600055686303 0.0007965984347368991 0.0011284480007845092 20110508877575.742 
71 0.9978986723027522 0.00015066505385603462 0.0008083766241569321 0.0011422860192348567 20110508877575.77 
72 0.9978688877314968 0.00015335843622551437 0.0008210808249011559 0.0011566730073764551 20110508877575.74 
73 0.9978366990225315 0.0001564210094499341 0.0008350566608564409 0.0011718233071621416 20110508877575.703 
74 0.9978013297754906 0.00015994950999702575 0.0008507127070524256 0.001188008007459859 20110508877575.727 
75 0.9977618603524511 0.0001640522807786245 0.0008685246511128721 0.0012055627156571656 20110508877575.676 
76 0.9977172202417331 0.00016884767796962057 0.0008890367563648322 0.0012248953239323626 20110508877575.777 
77 0.9976661880792717 0.00017446046616769468 0.0009128584499734686 0.0012464930045871998 20110508877575.703 
78 0.9976074040145914 0.0001810154633128755 0.0009406532683572306 0.00127092725373834 20110508877575.66 
79 0.9975393997589076 0.00018862782379166023 0.0009731170658491276 0.0012988553514516347 20110508877575.633 
80 0.997460651339153 0.00019738977212280234 0.0010109426721036912 0.0013310162166205886 20110508877575.75 
81 0.9973696576744325 0.00020735440268362872 0.0010547694601038137 0.0013682184627800663 20110508877575.727 
82 0.9972650442004003 0.00021851828783729858 0.0011051188139840355 0.00141131869777844 20110508877575.723 
83 0.9971456852236591 0.0002308057839734999 0.0011623200812487758 0.0014611889111186811 20110508877575.742 
84 0.9970108329354886 0.00024405852829586 0.0012264353700445756 0.001518673166171012 20110508877575.727 
85 0.9968602373885389 0.00025803308743519484 0.001297193997209595 0.0015845355268162976 20110508877575.76 
86 0.9966942422198858 0.00027240793849261897 0.0013739470943261744 0.0016594027472954212 20110508877575.75 
87 0.9965138452272366 0.0002867987578400669 0.0014556497300495838 0.0017437062848736202 20110508877575.75 
88 0.9963207177289838 0.0003007799065127821 0.0015408738384214715 0.0018376285260819035 20110508877575.773 
89 0.9961171776235268 0.0003139110525688255 0.0016278532225488065 0.001941058101355726 20110508877575.69 
90 0.9959061074301402 0.00032577006700312827 0.0017145631542781596 0.002053559348578714 20110508877575.66 
91 0.995690806045308 0.0003359937033335331 0.001798838784889435 0.0021743614664690917 20110508877575.715 
92 0.9954747703519606 0.0003443236684019075 0.0018785331086887769 0.002302372870948705 20110508877575.793 
93 0.9952614235343139 0.0003506487136319968 0.0019517033352788613 0.0024362244167751242 20110508877575.766 
94 0.9950538326799595 0.0003550284560607477 0.002016798085835897 0.002574340778144001 20110508877575.7 
95 0.9948544730148062 0.00035768693579718564 0.0020728067730364824 0.0027150332763601253 20110508877575.773 
96 0.9946650884055598 0.00035897377340490214 0.0021193357508602745 0.0028566020701749936 20110508877575.652 
97 0.9944866698891122 0.0003593028674600131 0.0021565940168293257 0.0029974332265986594 20110508877575.734 
98 0.9943195400981519 0.0003590859908838275 0.002185296147811132 0.0031360777631532647 20110508877575.742 
99 0.994163506982393 0.0003586780732921507 0.0022065104544960364 0.003271304489818796 20110508877575.72 
100 0.9940180426379146 0.00035834416726273315 0.0022214887600958523 0.003402124434726869 20110508877575.73 
101 0.9938824501934599 0.00035824958849433225 0.002231510373967069 0.0035277898440788462 20110508877575.72 
102 0.9937559961943043 0.00035846836445270377 0.0022377614231983375 0.0036477740180446802 20110508877575.805 
103 0.9936380005244462 0.00035900245090814565 0.0022412576606344924 0.0037617393640111134 20110508877575.71 
104 0.9935278863759915 0.00035980463546791876 0.0022428084959575144 0.0038695004925831354 20110508877575.746 
105 0.9934251981067392 0.0003608001733486104 0.002243014027312063 0.003970987692600082 20110508877575.734 
106 0.9933295961176831 0.0003619045941683406 0.002242284921857689 0.004066214366290833 20110508877575.805 
107 0.993240836970919 0.0003630369277342339 0.0022408756918653027 0.004155250409481367 20110508877575.71 
108 0.9931587454313225 0.0003641285745024248 0.0022389237354019324 0.0042382022587731105 20110508877575.727 
109 0.993083183778145 0.0003651283748730576 0.0022364884406736005 0.004315199406308305 20110508877575.71 
110 0.9930140226914888 0.00036600446064508047 0.002233586298014902 0.004386386549851276 20110508877575.777 
111 0.9929511169981077 0.00036674348503310764 0.0022302193609367114 0.004451920155922553 20110508877575.723 
112 0.9928942883322205 0.0003673479222662628 0.002226395699859837 0.004511968045653261 20110508877575.754 
113 0.9928433153740666 0.0003678322391446755 0.002222141736163269 0.0045667106506256374 20110508877575.703 
114 0.9927979310442042 0.0003682187544422051 0.0022175074088099833 0.00461634279254362 20110508877575.668 
115 0.9927578251502885 0.0003685338611919501 0.002212565836459073 0.004661075152060308 20110508877575.72 
116 0.9927226506409063 0.00036880502888003046 0.002207409398736673 0.0047011349314770405 20110508877575.76 
117 0.9926920317483233 0.00036905872094538116 0.0022021440141000385 0.004736765516631245 20110508877575.695 
118 0.9926655727019629 0.0003693191447815603 0.0021968829878033017 0.0047682251654522475 20110508877575.73 
119 0.99264286616001 0.0003696076367612069 0.0021917413183130383 0.0047957848849157865 20110508877575.715 
120 0.9926235008990238 0.0003699424645712323 0.0021868309192774327 0.0048197257171275 20110508877575.758 
121 0.9926070685679805 0.0003703388673406691 0.0021822569029544656 0.004840335661724326 20110508877575.7 
122 0.9925931694629294 0.0003708092125779958 0.00217811488610876 0.004857906438383863 20110508877575.734 
123 0.992581417347597 0.00037136320199437434 0.0021744891931639605 0.004872730257244586 20110508877575.69 
124 0.9925714433711456 0.00037200809485559366 0.0021714518069348566 0.00488509672706408 20110508877575.754 
125 0.9925628991433748 0.00037274893717053687 0.002169061923324575 0.0048952899961300315 20110508877575.7 
126 0.9925554590339479 0.00037358879241470796 0.0021673659826769998 0.004903586190960358 20110508877575.746 
127 0.9925488217702697 0.0003745289701589388 0.0021663980669225373 0.004910251192648769 20110508877575.766 
128 0.9925427114177836 0.00037556924732773975 0.002166180565142938 0.004915538769745758 20110508877575.734 
129 0.9925368778339461 0.00037670807550522367 0.0021667250212588198 0.004919689069290014 20110508877575.75 
130 0.9925310966904939 0.00037794276784454796 0.0021680330879367466 0.004922927453724851 20110508877575.805 
131 0.9925251691564341 0.0003792696607617946 0.0021700975219661896 0.004925463660837911 20110508877575.72 
132 0.9925189213264727 0.00038068424818938934 0.002172903168858974 0.004927491256478829 20110508877575.76 
133 0.9925122034674407 0.0003821812890518893 0.002176427898003925 0.004929187345503438 20110508877575.76 
134 0.9925048891403654 0.00038375489122468735 0.0021806434635383036 0.004930712504871557 20110508877575.734 
135 0.9924968742400014 0.0003853985771746605 0.0021855162791533118 0.004932210903670658 20110508877575.695 
136 0.9924880759784424 0.000387105337617362 0.002191008106430225 0.004933810577510044 20110508877575.777 
137 0.9924784318260391 0.00038886767989684953 0.002197076665401611 0.004935623828662338 20110508877575.777 
138 0.9924678984118823 0.0003906776775486663 0.002203676182596392 0.0049377477279725895 20110508877575.785 
139 0.9924564503778264 0.00039252702682547434 0.0022107578959144215 0.004940264699433704 20110508877575.746 
140 0.9924440791744172 0.00039440711500397823 0.0022182705375251165 0.004943243173053719 20110508877575.742 
141 0.9924307917840168 0.0003963091041428101 0.002226160815909684 0.004946738295930706 20110508877575.79 
142 0.9924166093558584 0.0003982240326409401 0.0022343739164182807 0.004950792695082237 20110508877575.758 
143 0.9924015657397501 0.0004001429354180893 0.0022428540364426625 0.004955437288389187 20110508877575.684 
144 0.9923857059098242 0.0004020569817541636 0.0022515449665610407 0.0049606921418607446 20110508877575.66 
145 0.9923690842771867 0.00040395762778463746 0.002260390722828839 0.004966567372199862 20110508877575.695 
146 0.9923517629003629 0.0004058367784532686 0.0022693362279234833 0.004973064093260349 20110508877575.66 
147 0.9923338096144622 0.0004076869515984459 0.0022783280305001064 0.004980175403439258 20110508877575.73 
148 0.992315296112825 0.0004095014351270827 0.002287315043603194 0.004987887408444738 20110508877575.78 
149 0.9922962960269203 0.00041127442728205885 0.0022962492753213206 0.004996180270476464 20110508877575.723 
150 0.9922768830595565 0.0004130011501496437 0.0023050865192335537 0.005005029271060408 20110508877575.797 
