0 0.9999768408360213 2.3159163978609963e-05 0.0 0.0 20110499644455.74 
1 0.9999866807824795 5.32768700822146e-06 6.89916303222923e-06 1.0923674801029614e-06 20110508877575.73 
2 0.999991101214843 1.8661051534476886e-06 5.5713124593992345e-06 1.461367544090311e-06 20110508877575.74 
3 0.9999935119193822 1.0637790441025944e-06 3.9947780504151716e-06 1.429523523183264e-06 20110508877575.75 
4 0.9999950669644051 7.501750171923138e-07 2.9131391920063536e-06 1.2697213856839584e-06 20110508877575.734 
5 0.9999960940312702 5.76725575394668e-07 2.224590796418747e-06 1.1046523580006168e-06 20110508877575.734 
6 0.999996751151701 4.713180108868776e-07 1.7990872539155872e-06 9.784430342273818e-07 20110508877575.844 
7 0.9999971367615754 4.0959968921624714e-07 1.5512641831238782e-06 9.02374552178272e-07 20110508877575.812 
8 0.9999973152067888 3.792736015189962e-07 1.4295458341045737e-06 8.759737756141918e-07 20110508877575.73 
9 0.9999973275142032 3.731896324949543e-07 1.4034742579417019e-06 8.958219063266452e-07 20110508877575.758 
10 0.9999971979698609 3.872358374273268e-07 1.4558207311303444e-06 9.58973570623363e-07 20110508877575.71 
11 0.9999969384834736 4.1934028626613365e-07 1.5780287220470817e-06 1.0641475181376588e-06 20110508877575.824 
12 0.9999965514494199 4.688980269901342e-07 1.76759516290675e-06 1.2120573903272135e-06 20110508877575.625 
13 0.9999960315451014 5.364274745440539e-07 2.0265711692488135e-06 1.4054562548806248e-06 20110508877575.68 
14 0.9999953667807912 6.233668192882242e-07 2.3607263624582938e-06 1.6491260270288026e-06 20110508877575.688 
15 0.9999945390270245 7.319578534373152e-07 2.779117270139651e-06 1.949897851926941e-06 20110508877575.746 
16 0.9999935241844514 8.651824144797796e-07 3.293903963546948e-06 2.3167291706624902e-06 20110508877575.746 
17 0.9999922921230103 1.0267259303351405e-06 3.920312847804501e-06 2.7608382114454408e-06 20110508877575.72 
18 0.9999908064985529 1.2209467605915115e-06 4.676669177517123e-06 3.295885508869486e-06 20110508877575.797 
19 0.999989024552361 1.4528308525115111e-06 5.584431479111584e-06 3.938185307392454e-06 20110508877575.734 
20 0.9999868970096377 1.7279097640822556e-06 6.668157453035139e-06 4.706923145222295e-06 20110508877575.71 
21 0.9999843682143281 2.0521173177945277e-06 7.955320683569972e-06 5.624347670539251e-06 20110508877575.816 
22 0.99998137666592 2.431557224190824e-06 9.475882728311049e-06 6.715894127495955e-06 20110508877575.773 
23 0.9999778561532865 2.872152665278044e-06 1.1261509900012168e-05 8.010184148252878e-06 20110508877575.734 
24 0.9999737377014998 3.3791515345987764e-06 1.3344314301455428e-05 9.53883266412078e-06 20110508877575.695 
25 0.9999689525452571 3.956471091330859e-06 1.5755003274268935e-05 1.1335980377286777e-05 20110508877575.754 
26 0.9999634362974539 4.605886938542632e-06 1.852035215465406e-05 1.3437463452822345e-05 20110508877575.746 
27 0.9999571343712537 5.326106537104963e-06 2.1659985390224238e-05 1.5879536818988873e-05 20110508877575.695 
28 0.9999500085203517 6.111817175742554e-06 2.5182571575670295e-05 1.8697090897102522e-05 20110508877575.74 
29 0.9999420440821123 6.952856927705079e-06 2.9081710350336954e-05 2.1921350609515175e-05 20110508877575.7 
30 0.9999332571694005 7.833710544311534e-06 3.333199627246191e-05 2.5577123782663115e-05 20110508877575.727 
31 0.9999237007297669 8.733557300379846e-06 3.7885942957396174e-05 2.967976997515562e-05 20110508877575.734 
32 0.9999134681880936 9.627067018895405e-06 4.2672569165446355e-05 3.423217572199731e-05 20110508877575.715 
33 0.9999026934404379 1.0486033735514739e-05 4.759840433337714e-05 3.922212149322759e-05 20110508877575.773 
34 0.9998915463656795 1.1281757167229698e-05 5.255140241805572e-05 4.462047473529902e-05 20110508877575.652 
35 0.9998802237589358 1.1987869491445756e-05 5.740776120729614e-05 5.038061036528635e-05 20110508877575.74 
36 0.9998689365166419 1.2583130025451743e-05 6.20410229219322e-05 5.643933041089063e-05 20110508877575.734 
37 0.99985789475128 1.3053650238818917e-05 6.633225599546089e-05 6.271934248558328e-05 20110508877575.7 
38 0.999847292999297 1.3394109497530584e-05 7.017978406329155e-05 6.913310714222123e-05 20110508877575.777 
39 0.9998372976346654 1.3607757941609964e-05 7.350696806566624e-05 7.558763932728394e-05 20110508877575.754 
40 0.9998280380352511 1.3705296087907627e-05 7.626696145069147e-05 8.198970721031566e-05 20110508877575.754 
41 0.9998196021758735 1.3702967220308517e-05 7.844401198205376e-05 8.825084492405922e-05 20110508877575.785 
42 0.9998120364292155 1.3620321513688926e-05 8.005156836789002e-05 9.429168090297588e-05 20110508877575.75 
43 0.9998053486867304 1.347809178513369e-05 8.112797467152026e-05 0.00010004524681296604 20110508877575.742 
44 0.9997995135824954 1.3296497045554564e-05 8.173079517137645e-05 0.00010545912528748649 20110508877575.707 
45 0.9997944785952823 1.3094125763680703e-05 8.193080611923907e-05 0.0001104964728349136 20110508877575.79 
46 0.999790170014402 1.2887404108714489e-05 8.180649385083196e-05 0.00011513608763849842 20110508877575.645 
47 0.9997864980580562 1.2690558174145092e-05 8.143961418651482e-05 0.00011937176958308612 20110508877575.727 
48 0.9997833607286708 1.251593880501895e-05 8.091208635098119e-05 0.0001232112461731625 20110508877575.688 
49 0.9997806462206063 1.237458073475458e-05 8.030427225495194e-05 0.0001266749264040332 20110508877575.723 
50 0.9997782338433185 1.2276895644321233e-05 7.969455004434082e-05 0.0001297947109927113 20110508877575.84 
51 0.9997759934946946 1.2233434947588736e-05 7.916002466327288e-05 0.00013261304569441102 20110508877575.652 
52 0.9997737837338897 1.225569164722096e-05 7.877820965186788e-05 0.00013518236481127266 20110508877575.75 
53 0.9997714484819826 1.2356936065960472e-05 7.862954170392364e-05 0.00013756504024742622 20110508877575.66 
54 0.9997688123416449 1.255309591124188e-05 7.880063274294215e-05 0.00013983392970087023 20110508877575.73 
55 0.9997656744908519 1.2863696864902252e-05 7.938820718625454e-05 0.00014207360509690682 20110508877575.848 
56 0.9997618010869971 1.3312875513232454e-05 8.050370122128504e-05 0.00014438233626843885 20110508877575.777 
57 0.9997569161356704 1.3930460516466122e-05 8.22785034722515e-05 0.0001468749003409528 20110508877575.758 
58 0.9997506908582692 1.475308709522756e-05 8.486977738081708e-05 0.00014968627725489 20110508877575.688 
59 0.9997427317697868 1.5825258620253673e-05 8.846670515735889e-05 0.0001529762664356415 20110508877575.766 
60 0.9997325679999741 1.720018997584892e-05 9.329680502399488e-05 0.00015693500502601864 20110508877575.703 
61 0.9997196389152337 1.8940153040750877e-05 9.9631665849223e-05 0.0001617892658763263 20110508877575.688 
62 0.9997032838819164 2.1115892093198778e-05 0.00010779098526201103 0.00016780924072841693 20110508877575.74 
63 0.9996827370810905 2.380449659863935e-05 0.00011814317605247418 0.00017531524625825389 20110508877575.684 
64 0.9996571315790724 2.708494999922314e-05 0.00013110006080545352 0.00018468341012286112 20110508877575.78 
65 0.9996255181313493 3.103050573578726e-05 0.00014710245582657633 0.00019634890708830388 20110508877575.777 
66 0.999586904896368 3.569723652674916e-05 0.00016659308661059558 0.00021080478049474794 20110508877575.664 
67 0.9995403234078263 4.11087869521483e-05 0.00018997385476905804 0.00022859395045247123 20110508877575.72 
68 0.9994849225377213 4.7238752790950545e-05 0.00021754676401543056 0.0002502919454723691 20110508877575.74 
69 0.9994200847019453 5.39942335381762e-05 0.00024944249417863 0.0002764785703378517 20110508877575.656 
70 0.9993455473962107 6.120646776307075e-05 0.00028554763823887086 0.00030769849778745993 20110508877575.742 
71 0.9992615011235667 6.86358103180857e-05 0.00032544933045319227 0.00034441373566209657 20110508877575.72 
72 0.9991686279553121 7.599682950525625e-05 0.00036842064319207306 0.00038695457199054164 20110508877575.67 
73 0.999068050805057 8.300368268840353e-05 0.0004134668389370297 0.0004354786733175872 20110508877575.676 
74 0.9989611858091508 8.942706644488618e-05 0.00045943833669241776 0.0004899487877119335 20110508877575.8 
75 0.9988495236755799 9.514592991665137e-05 0.0005051936932845419 0.0005501367012188358 20110508877575.73 
76 0.9987343956582159 0.00010017521311025932 0.0005497742216209846 0.0006156549070529208 20110508877575.707 
77 0.998616789580712 0.00010465796634782224 0.0005925425742835807 0.0006860098786566444 20110508877575.82 
78 0.998497264640613 0.0001088235612280049 0.0006332469416612109 0.0007606648564977293 20110508877575.742 
79 0.9983759788597683 0.00011292635967109186 0.0006719967735610877 0.0008390980069997538 20110508877575.746 
80 0.9982528067327865 0.00011718499256542772 0.0007091640323638152 0.0009208442422840921 20110508877575.773 
81 0.9981275010094904 0.00012173981365262083 0.0007452445374875242 0.0010055146393695086 20110508877575.734 
82 0.9979998470393764 0.00012663796691359002 0.0007807209302351511 0.0010927940634749976 20110508877575.727 
83 0.9978697686399306 0.00013184591161820343 0.0008159623163235077 0.0011824231321277711 20110508877575.703 
84 0.9977373655242383 0.00013728117348039056 0.0008511797276075347 0.0012741735746737658 20110508877575.81 
85 0.9976028871528005 0.00014285024769497415 0.0008864368119701853 0.001367825787534306 20110508877575.773 
86 0.9974666687573404 0.000148479057570665 0.000921697789678133 0.001463154395410947 20110508877575.723 
87 0.9973290650522334 0.0001541264497202204 0.0009568852824576163 0.0015599232155887846 20110508877575.645 
88 0.9971904125282431 0.00015977850058713236 0.0009919220394698249 0.0016578869316999983 20110508877575.785 
89 0.9970510352684676 0.00016542887575716507 0.0010267413714926397 0.0017567944842826584 20110508877575.72 
90 0.9969112898196754 0.0001710549696039034 0.0010612659411429579 0.00185638926957781 20110508877575.785 
91 0.996771629852019 0.00017659967691081564 0.0010953671802447571 0.0019564032908254932 20110508877575.793 
92 0.996632665417646 0.0001819653057994808 0.001128823902108667 0.002056545374445776 20110508877575.77 
93 0.9964951944143344 0.0001870214106941599 0.001161297873283602 0.0021564863016878977 20110508877575.734 
94 0.9963601926662152 0.00019162403387604934 0.0011923379240959095 0.002255845375812767 20110508877575.77 
95 0.9962287605739661 0.0001956409593145138 0.0012214153063262536 0.00235418316039307 20110508877575.746 
96 0.9961020355023787 0.00019897642536344132 0.0012479841331402616 0.0024510039391174667 20110508877575.656 
97 0.9959810872225277 0.00020158934801164162 0.001271554151888887 0.002545769277571862 20110508877575.74 
98 0.9958668167797367 0.00020350124070878098 0.0012917604093507357 0.002637921570203885 20110508877575.754 
99 0.9957598765863567 0.00020479302585171765 0.0013084160474318533 0.0027269143403597746 20110508877575.766 
100 0.9956606227166802 0.0002055928181988081 0.001321539601608114 0.002812244863512788 20110508877575.67 
101 0.9955691020207513 0.00020605859095477916 0.0013313547880709714 0.002893484600222981 20110508877575.72 
102 0.9954850695388642 0.0002063599924571323 0.001338266675707005 0.0029703037929717734 20110508877575.816 
103 0.995408027476311 0.00020666268822951004 0.0013428218355456007 0.00304248799991398 20110508877575.77 
104 0.9953372759401454 0.00020711708500206926 0.0013456611176408712 0.0031099458572116734 20110508877575.746 
105 0.9952719669517147 0.00020785179783568887 0.001347472621762335 0.0031727086286872557 20110508877575.727 
106 0.9952111557677595 0.0002089711539780923 0.0013489501444050045 0.003230922933857378 20110508877575.797 
107 0.9951538462694699 0.00021055549665609144 0.0013507598168207423 0.0032848384170531815 20110508877575.777 
108 0.9950990294941675 0.00021266296633063868 0.001353515429551078 0.003334792109950693 20110508877575.723 
109 0.9950457160210884 0.00021533163215136427 0.001357761373851602 0.0033811909729088087 20110508877575.727 
110 0.9949929638362152 0.00021858117705257437 0.0013639612797702342 0.0034244937069619957 20110508877575.734 
111 0.9949399035494046 0.00022241371185928674 0.0013724902192022857 0.003465192519533739 20110508877575.715 
112 0.9948857625158761 0.00022681365671251957 0.0013836286403411907 0.003503795187070093 20110508877575.73 
113 0.9948298886411868 0.00023174695403570475 0.0013975568626672598 0.003540807542110153 20110508877575.727 
114 0.9947717735751329 0.0002371601407896832 0.0014143498366491424 0.003576716447428167 20110508877575.746 
115 0.9947110738251742 0.00024297997658201392 0.0014339727945751977 0.0036119734036683996 20110508877575.73 
116 0.9946476272934657 0.00024911436038199935 0.0014562792078697902 0.003646979138282496 20110508877575.742 
117 0.9945814621386299 0.0002554551396686731 0.001481012937312963 0.0036820697843884093 20110508877575.73 
118 0.9945127949295396 0.00026188311274737695 0.0015078164581527026 0.003717505499560372 20110508877575.785 
119 0.9944420159287936 0.0002682750811278008 0.001536246479630574 0.0037534625104480358 20110508877575.797 
120 0.9943696609623773 0.00027451231016860253 0.001565797201073775 0.003790029526380201 20110508877575.73 
121 0.9942963714124131 0.00028048933059121784 0.0015959300504574622 0.003827209206538245 20110508877575.797 
122 0.9942228459357414 0.0002861217950274477 0.0016261073618419565 0.0038649249073893226 20110508877575.76 
123 0.9941497890281272 0.0002913521810213404 0.0016558264371787342 0.003903032353672894 20110508877575.785 
124 0.9940778621105644 0.0002961525042609534 0.0016846501022732658 0.003941335282901339 20110508877575.727 
125 0.9940076422718427 0.00030052377408918356 0.001712230318427141 0.003979603635641142 20110508877575.734 
126 0.9939395923406045 0.000304492524409445 0.0017383225343213158 0.0040175926006648785 20110508877575.68 
127 0.9938740439998152 0.0003081052232369778 0.0017627899569358108 0.004055060820011889 20110508877575.734 
128 0.9938111936924033 0.00031142159883776 0.0017855984126894182 0.004091786296069424 20110508877575.715 
129 0.993751109506042 0.0003145079023375561 0.0018068036392397964 0.004127578952380628 20110508877575.723 
130 0.9936937462868269 0.0003174309142807439 0.0018265335108957012 0.004162289287996783 20110508877575.71 
131 0.9936389659349458 0.0003202531927492473 0.0018449678324988217 0.004195813039806175 20110508877575.723 
132 0.9935865600528212 0.0003230297481361889 0.0018623180401286781 0.004228092158913969 20110508877575.83 
133 0.9935362726525723 0.00032580608043027577 0.001878808588815481 0.004259112678181692 20110508877575.734 
134 0.9934878212917282 0.0003286173578521947 0.0018946611588053722 0.004288900191614251 20110508877575.75 
135 0.9934409156447167 0.0003314884490353575 0.0019100822077715745 0.004317513698476438 20110508877575.83 
136 0.9933952730424044 0.00033443452440048483 0.0019252539186042272 0.0043450385145908784 20110508877575.625 
137 0.9933506308864622 0.00033746198929206916 0.0019403282719576633 0.00437157885228811 20110508877575.652 
138 0.9933067560731726 0.00034056957708988796 0.0019554238020870274 0.004397250547650303 20110508877575.73 
139 0.9932634516698531 0.0003437494961515387 0.0019706245433041506 0.004422174290691217 20110508877575.84 
140 0.9932205611139611 0.00034698857831355753 0.0019859807031859964 0.004446469604539303 20110508877575.754 
141 0.9931779701881277 0.0003502694131776964 0.0020015106689316277 0.004470249729763014 20110508877575.74 
142 0.9931356069956853 0.0003535714706818298 0.002017204033395151 0.004493617500237769 20110508877575.75 
143 0.9930934401432211 0.0003568722169483995 0.0020330253955144813 0.004516662244315819 20110508877575.76 
144 0.9930514753409582 0.0003601482196138876 0.0020489187346404117 0.004539457704787437 20110508877575.707 
145 0.9930097506598232 0.00036337622424650076 0.0020648121774856578 0.0045620609384445805 20110508877575.79 
146 0.9929683307288985 0.00036653416856061817 0.002080622975180715 0.004584512127360217 20110508877575.78 
147 0.9929273002060479 0.00036960209061056947 0.002096262495937636 0.004606835207403794 20110508877575.695 
148 0.9928867568934621 0.00037256288413389565 0.002111641027405967 0.004629039194998054 20110508877575.664 
149 0.992846804885919 0.00037540285988152064 0.0021266721820716837 0.0046511200721277715 20110508877575.72 
150 0.9928075481246684 0.00037811208524993824 0.0021412767156926875 0.004673063074389121 20110508877575.742 
