# 20% infected, 20% exposed
0.0 15787784.401319753 5088740.202002286 5304521.24223828 441870.15443968424
0.1 15604803.926377544 4868429.831113472 5269068.394000081 880613.8485089033
0.2 15425285.998000633 4662009.921006863 5220481.82121012 1315138.259782381
0.30000000000000004 15249608.02668086 4468057.692566038 5160734.902752339 1744515.3780007616
0.4 15078062.174390687 4285338.843209319 5091553.647982792 2167961.334417203
0.5 14910868.428191494 4112780.9482770097 5014448.255424275 2584818.368107223
0.6000000000000001 14748185.847375464 3949450.5986393625 4930740.475318532 2994539.078666643
0.7000000000000001 14590122.221045721 3794533.7678488046 4841587.348554417 3396672.6625510594
0.8 14436742.346887557 3647318.9653594675 4748001.816158006 3790852.8715949734
0.9 14288075.117196525 3507182.7893112283 4650870.625631103 4176787.4678611485
1.0 14144119.57543955 3373577.5432055285 4550969.901679208 4554248.979675719
1.1 14004850.085928679 3246020.6257792255 4448978.6981219705 4923066.590170129
1.2000000000000002 13870220.74062317 3124085.4429258006 4345490.803992313 5283119.01245872
1.3 13740169.110583108 3007393.625095847 4241025.039085676 5634328.225235375
1.4000000000000001 13614619.435055582 2895608.3637251863 4136034.241708007 5976653.9595112335
1.5 13493485.3284286 2788428.7063758266 4030913.123379874 6310088.841815706
1.6 13376672.07416999 2685584.672894389 3926005.1411647317 6634654.111770896
1.7000000000000002 13264078.56520812 2586833.074423103 3821608.517562864 6950395.842805916
1.8 13155598.941843724 2491953.933930263 3717981.5200815937 7257381.604144423
1.9000000000000001 13051123.971052429 2400747.421410862 3615347.097252713 7555697.510283998
2.0 12950542.204804242 2313031.2293561683 3513896.954670745 7845445.6111688465
2.1 12853740.949660322 2228638.324778565 3413795.1432697107 8126741.582291403
2.2 12760607.07529468 2147415.023246763 3315181.222282504 8399712.679176053
2.3000000000000003 12671027.685626984 2069219.3382472377 3218173.0509129455 8664495.925212832
2.4000000000000004 12584890.672853474 1993919.5659236663 3122869.255504538 8921236.50571832
2.5 12502085.171748023 1921393.0710159226 3029351.412747406 9170086.344488647
2.6 12422501.92910671 1851525.2447609329 2937685.984084524 9411202.842047827
2.7 12346033.601068273 1784208.6097475388 2847926.031838932 9644747.757345248
2.8000000000000003 12272574.989208488 1719342.0503381456 2760112.743581014 9870886.216872344
2.9000000000000004 12202023.224735385 1656830.1503687159 2674276.787799869 10089785.837096019
3.0 12134277.908766251 1596582.62249059 2590439.5209585372 10301615.947784608
3.1 12069241.215514587 1538513.8157869482 2508614.063433688 10506546.905264761
3.2 12006817.964227576 1482542.2902385986 2428806.2596097724 10704749.485924035
3.3000000000000003 11946915.664868593 1428590.4482753614 2351015.535467137 10896394.351388888
3.4000000000000004 11889444.541814327 1376584.2150710092 2275235.6653315686 11081651.577783072
3.5 11834317.539214885 1326452.760456102 2201455.458003409 11260690.24232558
3.6 11781450.311132839 1278128.2563637213 2129659.371227061 11433678.061276352
3.7 11730761.199120821 1231545.6646133596 2059828.0623699452 11600781.073895847
3.8000000000000003 11682171.199505998 1186642.5505997334 1991938.8822311575 11762163.367663084
3.9000000000000004 11635603.922314405 1143358.9191046017 1925966.3180746082 11917986.840506356
4.0 11590985.543480456 1101637.0690066305 1861882.3912625872 12068410.996250296
4.1000000000000005 11548244.75174037 1061421.4641405412 1799657.014238995 12213592.769880062
4.2 11507312.69139682 1022658.6179638294 1739258.311064502 12353686.379574819
4.3 11468122.901960768 985296.9900371769 1680652.9052279284 12488843.202774096
4.4 11430611.2555211 949286.8926218312 1623806.1780399338 12619211.673817104
4.5 11394715.892559363 914580.4059509819 1568682.5005487297 12744937.200940892
4.6000000000000005 11360377.156812804 881131.300948768 1515245.4415961187 12866162.100642275
4.7 11327537.529691113 848894.9683553396 1463457.9543497784 12983025.547603734
4.800000000000001 11296141.56466854 817828.3533739852 1413282.5433992785 13095663.538558159
4.9 11266135.822001383 787889.8950906144 1364681.4142843913 13204208.868623573
5.0 11237468.804059597 759039.470030238 1317616.607131038 13308791.11877909
5.1000000000000005 11210090.89150893 731238.3393123966 1272050.1158994143 13409536.653279223
5.2 11183954.280535258 704449.0989502192 1227943.9945975856 13506568.625916896
5.300000000000001 11159012.921264814 678635.6329080623 1185260.451679684 13600006.9941474
5.4 11135222.457501369 653763.0685923094 1143961.933728627 13689968.540177656
5.5 11112540.167874126 629797.734500447 1104011.199417168 13776566.898208221
5.6000000000000005 11090924.9084665 606707.1197963182 1065371.3846464613 13859912.587090684
5.7 11070337.05697626 584459.8356156123 1028006.0596767844 13940113.047731305
5.800000000000001 11050738.458440853 563025.577936188 991879.2789894121 14017272.684633505
5.9 11032092.372547593 542375.0918735454 956955.6245507976 14091492.911028018
6.0 11014363.422536725 522480.1372834157 923200.2430892925 14162872.197090521
6.1000000000000005 10997517.545695508 503313.4555716013 890578.8779398086 14231506.120793037
6.2 10981521.945433343 484848.7376264415 859057.895962414 14297487.420977755
6.300000000000001 10966345.044921255 467060.59280200134 828604.3099962297 14360906.052280467
6.4 10951956.442273552 449924.5188907061 799185.7972696439 14421849.241566047
6.5 10938326.867245086 433416.873032979 770770.7141512936 14480401.545570588
6.6000000000000005 10925428.139413938 417514.8435187657 743328.1075931017 14536644.90947414
6.7 10913233.12781663 402196.42244189186 716827.7235865067 14590658.726154914
6.800000000000001 10901715.712000825 387440.3791731949 691240.0129256002 14642519.89590032
6.9 10890850.744458858 373226.2346224726 666536.1345458861 14692302.88637272
7.0 10880614.014404371 359534.23626265227 642687.956684575 14740079.792648338
7.1000000000000005 10870982.212853584 346345.33389231603 619668.0560874917 14785920.397166543
7.2 10861932.898972329 333641.1561149425 597449.7154686193 14829892.229444046
7.300000000000001 10853444.46764986 321403.98751501745 576006.9194108632 14872060.625424195
7.4 10845496.118260618 309616.74651260965 555314.3488806335 14912488.786346072
7.5 10838067.824575325 298262.9638791663 535347.3745141806 14951237.83703126
7.6000000000000005 10831140.30578333 287326.76189820206 516082.04882016586 14988366.883498235
7.7 10824694.998588692 276792.8341552924 497495.0974305853 15023933.06982536
7.800000000000001 10818714.030343179 266646.42594236083 479563.9095208048 15057991.634193586
7.9 10813180.193180079 256873.3152617131 462266.5275090163 15090595.964049121
8.0 10808076.919113664 247459.79441563776 445581.63613581134 15121797.650334815
8.1 10803388.256069902 238392.6521676864 429488.5510157236 15151646.540746614
8.200000000000001 10799098.844815033 229659.15646198616 413967.20674444264 15180190.791978464
8.3 10795193.896749511 221247.03768713464 398998.14463790297 15207476.920925375
8.4 10791659.17253577 213144.47247139522 384562.5001725435 15233549.854820214
8.5 10788480.961529268 205340.06799606074 370641.9901896685 15258452.980284927
8.6 10785646.061983196 197822.84681398846 357218.8999209797 15282228.19128176
8.700000000000001 10783141.761998214 190582.2321604404 344276.069886952 15304915.935954317
8.8 10780955.821189506 183608.0337434905 331796.8827147528 15326555.262352172
8.9 10779076.453044415 176890.43400139053 319765.2499178271 15347183.86303629
9.0 10777492.307944788 170419.97481442068 308165.5986750582 15366838.118565656
9.1 10776192.45682914 164187.54465889095 296982.85864353634 15385553.139868354
9.200000000000001 10775166.375470541 158184.3661911074 286202.44883540005 15403362.80950287
9.3 10774403.929347055 152401.98424927343 275810.26458593836 15420299.82181765
9.4 10773895.359082354 146832.25426146018 265792.66463712795 15436395.72201897
9.5 10773631.266435008 141467.3310479534 256136.45835801208 15451680.944158938
9.600000000000001 10773602.600815635 136299.6580064649 246828.89312079054 15466184.84805702
9.700000000000001 10773800.646311989 131321.95666888665 237857.64184916022 15479935.755169872
9.8 10774217.00920271 126527.21661846123 229210.79075331343 15492960.983425422
9.9 10774843.605941217 121908.68575644642 220876.82726404708 15505286.881038193
10.0 10775672.651591927 117459.86090756074 212844.6281766516 15516938.859323766
10.100000000000001 10776696.648701608 113174.47875371182 205103.44801361513 15527941.424530966
10.200000000000001 10777908.376589436 109046.50708572884 197642.90761369132 15538318.208711043
10.3 10779300.88103975 105070.13636304362 190452.98295352256 15548091.999643581
10.4 10780867.464382323 101239.7715714911 183523.99420677562 15557284.769839305
10.5 10782601.675945412 97550.02436962907 176846.59504462604 15565917.704640223
10.600000000000001 10784497.302867442 93995.7055142073 170411.7621804109 15574011.229437828
10.700000000000001 10786548.361253694 90571.81755564756 164210.78516034846 15581585.036030196
10.8 10788749.087664982 87273.54779462826 158235.2564013921 15588658.108138883
10.9 10791093.930925658 84096.26149109851 152477.0614765364 15595248.746106591
11.0 10793577.544238895 81035.49531727782 146928.36964721885 15601374.590796486
11.100000000000001 10796194.777597586 78086.95104642709 141581.62464185775 15607052.646714006
11.200000000000001 10798940.67047963 75246.48946940458 136429.53567902505 15612299.304371815
11.3 10801810.44481691 72510.12453124595 131465.06873327435 15617130.361918442
11.4 10804799.498227548 69874.01768023141 126681.43804121541 15621561.046050875
11.5 10807903.39750149 67334.47242212296 122072.09784505171 15625606.032231204
11.600000000000001 10811117.872329846 64887.9290724721 117630.73437046578 15629279.464227084
11.700000000000001 10814438.809268774 62530.95970011243 113351.2580354484 15632594.972995529
11.8 10817862.245929059 60260.26325516148 109227.79588641768 15635565.694929227
11.9 10821384.3653828 58072.66087506287 105254.68425775862 15638204.289484244
12.0 10825001.490779126 55965.09136240194 101426.46165073091 15640522.956207605
12.100000000000001 10828710.08016093 53934.60682842626 97737.86182753913 15642533.451182963
12.200000000000001 10832506.721475136 51978.368496396615 94183.80711623273 15644247.102912094
12.3 10836388.127769122 50093.64265908322 90759.4019220006 15645674.827649651
12.4 10840351.132566378 48277.79678490732 87459.92644034534 15646827.144208224
12.5 10844392.685414564 46528.29576740888 84280.83056756108 15647714.188250324
12.600000000000001 10848509.847599506 44842.69831289728 81217.72800389775 15648345.726083556
12.700000000000001 10852699.788018929 43218.65346131309 78266.39054476871 15648731.167974845
12.8 10856959.779209847 41653.89723549675 75422.74255534768 15648879.580999162
12.9 10861287.193523882 40146.24941422168 72682.855623904 15648799.701437842
13.0 10865679.49944494 38693.610424508006 70042.94338923942 15648499.946741164
13.100000000000001 10870134.258043882 37293.95834888604 67499.3565376149 15647988.427069467
13.200000000000001 10874649.119565088 35945.34604342816 65048.57796459073 15647272.95642674
13.3 10879221.820139911 34645.89836251229 62687.218097246325 15646361.063400174
13.4 10883850.178622289 33393.80948642041 60412.01037229689 15645260.001518836
13.5 10888532.093541935 32187.34034801189 58219.80686568106 15643976.759244213
13.600000000000001 10893265.540170697 31024.8161548434 56107.57406925671 15642518.06960504
13.700000000000001 10898048.56769784 29904.624003234672 54072.38881031011 15640890.419488452
13.8 10902879.296510156 28825.210580903633 52111.434309655444 15639100.058599118
13.9 10907755.915573029 27785.079954913985 50221.9963741779 15637153.00809771
14.0 10912676.679908607 26782.791441794496 48401.459719752114 15635055.068929676
14.100000000000001 10917639.908167504 25816.957556801393 46647.30442054937 15632811.829854975
14.200000000000001 10922643.98029051 24886.24203940395 44957.102480830195 15630428.675189087
14.3 10927687.335256932 23989.357952178132 43328.514525404324 15627910.792265315
14.4 10932768.468916371 23125.065850394858 41759.28660502622 15625263.178628037
14.5 10937885.931900762 22292.17201968733 40247.24711308139 15622490.648966296
14.600000000000001 10943038.327613726 21489.526779276683 38790.303810006815 15619597.841796815
14.700000000000001 10948224.310294319 20716.02284832672 37386.44095197641 15616589.225905202
14.8 10953442.583152419 19970.59377308689 36033.71652047071 15613469.106553847
14.9 10958691.896573074 19252.212412568013 34730.25954943769 15610241.631464744
15.0 10963971.046387225 18559.88948057754 33474.26754683873 15606910.796585182
15.100000000000001 10969278.87220636 17892.672142020754 32264.00400746089 15603480.451643981
15.200000000000001 10974614.25581868 17249.64266145104 31097.79601396187 15599954.305505728
15.3 10979976.119644515 16629.91710192627 29974.0319231996 15596335.931330178
15.4 10985363.425248776 16032.644072299912 28891.159134981983 15592628.77154376
15.5 10990775.171908293 15457.003521144228 27847.68194045493 15588836.142629921
15.600000000000001 10996210.395232055 14902.205575569458 26842.159447428472 15584961.239744756
15.700000000000001 11001668.165832318 14367.489423266918 25873.203580020563 15581007.141164202
15.8 11007147.588044727 13852.122236165671 24939.477150076946 15576976.81256884
15.9 11012647.798695628 13355.398134152061 24039.69199790249 15572873.111172125
16.0 11018167.965914806 12876.637187358729 23172.60719991499 15568698.789697725
16.1 11023707.287991969 12415.18445558512 22337.027340906483 15564456.500211343
16.2 11029264.992275335 11970.409063464796 21531.800848669372 15560148.797812335
16.3 11034840.33411079 11541.703310046243 20755.818388815533 15555778.144190151
16.400000000000002 11040432.59582009 11128.481811503432 20008.011317685578 15551346.911050525
16.5 11046041.08571664 10730.18067574007 19287.350191312824 15546857.383416105
16.6 11051665.137157526 10346.256707697463 18592.843328472376 15542311.762806103
16.7 11057304.10763035 9976.186644220224 17923.53542590966 15537712.17029932
16.8 11062957.377873672 9619.466417376685 17278.50622390526 15533060.649484847
16.900000000000002 11068624.35102977 9275.610445172018 16656.86922039351 15528359.169304466
17.0 11074304.45182852 8944.150948631639 16057.770431911587 15523609.626790736
17.1 11079997.125801263 8624.637294270573 15480.387199713063 15518813.84970455
17.2 11085701.838523513 8316.635361001232 14923.927039435885 15513973.599075845
17.3 11091418.074885491 8019.726930567385 14387.62653276898 15509090.571650965
17.400000000000002 11097145.338389404 7733.509100626179 13870.750259614244 15504166.402250146
17.5 11102883.150472507 7457.593719632854 13372.589769291948 15499202.666038357
17.6 11108631.049855007 7191.60684271438 12892.462589387109 15494200.880712682
17.7 11114388.591911832 6935.188207748669 12429.711270882475 15489162.50860933
17.8 11120155.348067466 6687.99073089527 11983.702468270512 15484088.958733162
17.900000000000002 11125930.905212933 6449.680020851671 11553.826053381867 15478981.588712623
18.0 11131714.86514415 6219.93391113646 11139.49426171169 15473841.70668279
18.1 11137506.844020817 5998.442009726738 10740.140870067573 15468670.573099177
18.2 11143306.471845139 5784.905265402336 10355.220404403946 15463469.402484842
18.3 11149113.391959615 5579.0355501735985 9984.207376747585 15458239.365113253
18.400000000000002 11154927.260563195 5380.5552571928365 9626.595550157344 15452981.588629242
18.5 11160747.746245133 5189.196913571979 9281.897230698487 15447697.159610383
18.6 11166574.52953588 5004.702807550565 8949.642585448033 15442387.125070905
18.7 11172407.302474396 4826.824629479034 8629.378985582334 15437052.493910326
18.8 11178245.768191257 4655.323126102278 8320.670373631876 15431694.23830879
18.900000000000002 11184089.640507005 4489.967767647706 8023.096654020777 15426313.295071105
19.0 11189938.643545153 4330.536427240625 7736.253106040027 15420910.566921344
19.1 11195792.511359315 4176.815072187593 7459.749818433846 15415486.92374984
19.200000000000003 11201650.987573948 4028.5974666855946 7193.211144808032 15410043.203814331
19.3 11207513.825038202 3885.684885531448 6936.275179097491 15404580.214896942
19.400000000000002 11213380.785492372 3747.8858384217588 6688.5932503576 15399098.73541862
19.5 11219251.639246542 3615.0158044490877 6449.8294361705475 15393599.515512608
19.6 11225126.164870916 3486.896976414736 6219.660093983364 15388083.278058454
19.700000000000003 11231004.14889744 3363.3580145927717 5997.773409719031 15382550.719678018
19.8 11236885.385532292 3244.2338095935816 5783.868963025933 15377002.51169486
19.900000000000002 11242769.676378837 3129.365253988388 5577.657308553887 15371439.301058391
